3.89055e-24
1.46536e-23
5.41222e-23
1.96028e-22
6.96278e-22
2.42542e-21
8.28598e-21
2.77634e-20
9.1241e-20
2.94114e-19
9.29971e-19
2.88453e-18
8.77715e-18
2.62019e-17
7.67431e-17
2.20547e-16
6.21942e-16
1.72115e-15
4.67456e-15
1.24611e-14
3.26064e-14
8.37574e-14
2.11233e-13
5.23079e-13
1.272e-12
3.03793e-12
7.12674e-12
1.64243e-11
3.71899e-11
8.27502e-11
1.80962e-10
3.88995e-10
8.22081e-10
1.70832e-09
3.49128e-09
7.01835e-09
1.38803e-08
2.70119e-08
5.17348e-08
9.75348e-08
1.81035e-07
3.30881e-07
5.95606e-07
1.05609e-06
1.84486e-06
3.17554e-06
5.38673e-06
9.0063e-06
1.48435e-05
2.41181e-05
3.8638e-05
6.10367e-05
9.50838e-05
0.000146081
0.000221349
0.000330811
0.000487665
0.000709114
0.00101713
0.00143918
0.00200882
0.00276608
0.00375747
0.00503555
0.00665781
0.00868496
0.0111783
0.0141967
0.0177922
0.0220062
0.0268648
0.0323742
0.0385177
0.0452527
0.0525101
0.0601944
0.068187
0.07635
0.0845327
0.0925785
0.100333
0.10765
0.114404
0.120487
0.125821
0.130356
0.134071
0.136974
0.139093
0.14048
0.141197
0.141318
0.140917
0.140068
0.13884
0.137293
0.135474
0.13342
0.131157
0.128697
0.126044
0.123194
0.120137
0.116861
0.113353
0.109603
0.105606
0.101363
0.0968857
0.0921929
0.0873133
0.0822845
0.0771512
0.0719638
0.0667761
0.0616425
0.0566163
0.0517468
0.0470773
0.0426444
0.0384763
0.0345925
0.0310045
0.0277157
0.0247226
0.022016
0.0195821
0.0174038
0.0154617
0.0137355
0.0122047
0.0108491
0.00964962
0.00858847
0.0076494
0.00681778
0.00608058
0.00542631
0.00484486
0.00432743
0.00386629
0.00345473
0.00308684
0.00275748
0.00246212
0.00219677
0.00195798
0.0017427
0.00154832
0.00137258
0.00121356
0.00106966
0.000939527
0.000822039
0.000716258
0.000621381
0.000536701
0.000461569
0.000395359
0.000337449
0.000287203
0.000243968
0.000207077
0.000175857
0.000149643
0.000127793
0.0001097
9.48035e-05
8.25973e-05
7.2634e-05
6.45248e-05
5.79375e-05
5.2592e-05
4.82546e-05
4.4732e-05
4.18649e-05
3.95216e-05
3.75932e-05
3.59881e-05
3.46284e-05
3.34464e-05
3.23821e-05
3.13816e-05
3.03964e-05
2.93835e-05
2.83053e-05
2.71318e-05
2.5841e-05
2.44206e-05
2.2869e-05
2.11956e-05
1.94202e-05
1.75718e-05
1.56861e-05
1.38034e-05
1.19644e-05
1.0208e-05
8.56804e-06
7.07106e-06
5.7353e-06
4.57012e-06
