-0.419367
-0.419048
-0.418827
-0.418589
-0.418577
-0.41852
-0.418496
-0.418437
-0.418428
-0.418356
-0.418356
-0.418313
-0.418115
-0.418034
-0.417927
-0.417833
-0.417817
-0.417766
-0.417712
-0.41757
-0.417559
-0.417197
-0.417145
-0.416929
-0.416926
-0.416889
-0.416759
-0.416731
-0.416631
-0.416566
-0.416557
-0.416482
-0.416439
-0.416338
-0.416258
-0.416196
-0.416117
-0.416096
-0.416072
-0.41603
-0.416021
-0.415989
-0.415977
-0.415973
-0.415942
-0.415935
-0.415899
-0.415848
-0.415794
-0.415756
-0.415721
-0.415601
-0.41553
-0.415496
-0.415438
-0.41532
-0.415215
-0.415109
-0.415106
-0.415101
-0.415059
-0.41501
-0.414966
-0.414914
-0.414838
-0.414819
-0.4148
-0.414765
-0.414677
-0.414656
-0.41459
-0.414499
-0.414368
-0.414311
-0.414262
-0.41422
-0.414192
-0.41407
-0.413937
-0.41387
-0.413856
-0.413794
-0.413732
-0.413711
-0.41369
-0.413636
-0.413589
-0.41354
-0.413537
-0.413521
-0.413434
-0.413382
-0.413371
-0.413071
-0.413038
-0.412978
-0.412976
-0.41295
-0.412938
-0.412881
-0.41282
-0.412641
-0.412584
-0.412442
-0.412409
-0.41238
-0.412354
-0.412284
-0.412126
-0.412094
-0.412081
-0.412074
-0.412067
-0.411948
-0.411938
-0.411788
-0.411772
-0.41168
-0.411379
-0.410946
-0.410933
-0.410922
-0.410859
-0.410826
-0.410784
-0.410583
-0.410569
-0.410544
-0.410517
-0.410493
-0.410443
-0.410371
-0.410351
-0.410281
-0.410029
-0.409979
-0.40984
-0.409837
-0.409786
-0.409563
-0.409559
-0.409518
-0.409448
-0.409431
-0.409345
-0.409329
-0.409291
-0.409199
-0.409043
-0.408936
-0.408773
-0.408651
-0.408476
-0.408466
-0.408378
-0.408298
-0.408138
-0.408094
-0.40793
-0.407808
-0.407764
-0.407709
-0.407554
-0.407361
-0.407282
-0.407233
-0.40716
-0.406931
-0.406819
-0.406811
-0.406778
-0.406727
-0.406445
-0.406054
-0.405913
-0.405838
-0.405768
-0.405477
-0.405395
-0.405285
-0.40527
-0.405218
-0.405202
-0.405067
-0.40492
-0.404852
-0.404804
-0.404683
-0.404344
-0.404305
-0.404241
-0.403925
-0.403872
-0.40379
-0.403765
-0.403706
-0.403651
-0.403557
-0.403296
-0.403272
-0.402818
-0.402742
-0.402619
-0.402563
-0.402549
-0.402145
-0.401644
-0.401575
-0.401255
-0.40099
-0.400617
-0.400451
-0.400333
-0.400198
-0.400182
-0.400172
-0.400139
-0.399953
-0.399819
-0.39975
-0.399427
-0.399292
-0.39899
-0.398783
-0.398203
-0.397927
-0.397858
-0.397796
-0.397386
-0.397249
-0.39708
-0.396143
-0.395982
-0.395643
-0.395543
-0.3955
-0.395212
-0.394851
-0.394551
-0.394306
-0.394278
-0.394015
-0.393956
-0.393506
-0.393447
-0.393398
-0.392302
-0.39208
-0.391593
-0.39106
-0.390806
-0.390623
-0.390587
-0.389973
-0.389678
-0.389452
-0.3889
-0.388784
-0.387599
-0.387093
-0.386439
-0.386433
-0.386282
-0.385434
-0.385322
-0.384821
-0.383442
-0.3831
-0.382592
-0.382268
-0.381757
-0.381684
-0.381565
-0.380593
-0.380567
-0.380447
-0.379481
-0.379279
-0.37914
-0.378471
-0.377209
-0.377179
-0.376414
-0.375675
-0.375069
-0.373363
-0.372702
-0.372159
-0.369447
-0.368741
-0.368028
-0.366279
-0.364824
-0.362788
-0.360597
-0.359631
-0.35958
-0.358841
-0.358006
-0.357671
-0.357309
-0.357264
-0.356797
-0.356151
-0.355255
-0.353219
-0.352865
-0.351503
-0.349005
-0.348638
-0.347607
-0.347162
-0.346887
-0.345933
-0.34376
-0.342963
-0.341986
-0.335721
-0.332878
-0.331557
-0.330235
-0.328932
-0.328757
-0.32821
-0.32678
-0.324158
-0.322382
-0.321045
-0.317649
-0.308985
-0.306614
-0.305188
-0.303553
-0.297577
-0.289125
-0.288637
-0.286207
-0.281417
-0.279731
-0.277848
-0.276813
-0.274569
-0.272047
-0.26399
-0.262606
-0.258735
-0.255724
-0.254433
-0.249969
-0.246144
-0.243505
-0.2326
-0.230763
-0.227508
-0.210802
-0.206907
-0.186399
-0.170239
-0.169553
-0.159404
-0.152661
-0.151092
-0.149104
-0.144732
-0.14357
-0.143488
-0.135652
-0.135327
-0.113703
-0.102251
-0.0969385
-0.0924393
-0.0801624
-0.0523069
-0.0339963
-0.0161855
-0.00912863
-0.00521072
0.00699639
0.00751955
0.0092518
0.00970521
0.0187733
0.0259581
0.0274578
0.0493958
0.056255
0.0707873
0.0753097
0.0854823
0.0940273
0.107932
0.109559
0.120139
0.122685
0.132404
0.139345
0.142088
0.146239
0.149355
0.171676
0.184651
0.195265
0.212471
0.228747
0.238664
0.239083
0.241605
0.243524
0.246198
0.256661
0.256986
0.262567
0.310942
0.323149
0.329067
0.340088
0.353585
0.360886
0.370594
0.389312
0.396334
0.399566
0.436384
0.440663
0.454858
0.471832
0.481156
0.491282
0.509092
0.516452
0.527601
0.533286
0.538808
0.54104
0.567175
0.584928
0.593287
0.602052
0.624246
0.647963
0.653229
0.664483
0.665622
0.671633
0.685933
0.695478
0.710417
0.721961
0.732785
0.733738
0.738586
0.749689
0.769569
0.820606
0.83944
0.868853
0.871295
0.87734
0.925936
0.953141
0.969301
0.980578
1.00371
1.06824
1.09997
1.13311
1.15194
1.17008
1.1974
1.21344
1.23495
1.24634
1.24634
1.25646
1.25843
1.32645
1.34435
1.35725
1.39074
1.42375
1.42538
1.53443
1.65708
1.68243
1.73044
1.76683
1.85961
1.91494
1.9883
2.14351
2.20699
2.32917
2.4159
2.46333
2.4917
2.59575
2.91139
3.95842
4.03863
4.40799
4.89825
5.52488
7.47627
8.12883
9.92409
