-3.09377
-2.75169
-2.57995
-2.46155
-2.37003
-2.2949
-2.23084
-2.17481
-2.12488
-2.07974
-2.03848
-2.00042
-1.96506
-1.932
-1.90092
-1.87158
-1.84377
-1.81731
-1.79207
-1.76792
-1.74475
-1.72249
-1.70105
-1.68037
-1.66038
-1.64103
-1.62228
-1.60408
-1.5864
-1.5692
-1.55246
-1.53613
-1.52021
-1.50466
-1.48947
-1.47461
-1.46008
-1.44584
-1.43189
-1.41822
-1.40481
-1.39164
-1.37871
-1.36601
-1.35352
-1.34124
-1.32916
-1.31727
-1.30557
-1.29404
-1.28268
-1.27148
-1.26044
-1.24955
-1.23881
-1.22821
-1.21775
-1.20741
-1.19721
-1.18713
-1.17716
-1.16732
-1.15758
-1.14795
-1.13843
-1.12901
-1.11969
-1.11047
-1.10133
-1.09229
-1.08334
-1.07448
-1.0657
-1.057
-1.04837
-1.03983
-1.03136
-1.02297
-1.01464
-1.00639
-0.998201
-0.990081
-0.982026
-0.974034
-0.966104
-0.958234
-0.950423
-0.94267
-0.934973
-0.927331
-0.919742
-0.912206
-0.904722
-0.897288
-0.889903
-0.882567
-0.875278
-0.868034
-0.860837
-0.853683
-0.846573
-0.839505
-0.83248
-0.825494
-0.81855
-0.811644
-0.804777
-0.797947
-0.791155
-0.784398
-0.777678
-0.770992
-0.764341
-0.757723
-0.751139
-0.744586
-0.738066
-0.731577
-0.725118
-0.71869
-0.712291
-0.705921
-0.69958
-0.693267
-0.686981
-0.680722
-0.67449
-0.668284
-0.662103
-0.655948
-0.649817
-0.643711
-0.637629
-0.63157
-0.625534
-0.619521
-0.61353
-0.607562
-0.601614
-0.595688
-0.589783
-0.583899
-0.578034
-0.572189
-0.566364
-0.560558
-0.554771
-0.549002
-0.543252
-0.537519
-0.531804
-0.526106
-0.520426
-0.514762
-0.509115
-0.503483
-0.497868
-0.492268
-0.486684
-0.481115
-0.475561
-0.470021
-0.464496
-0.458985
-0.453488
-0.448004
-0.442534
-0.437077
-0.431633
-0.426202
-0.420784
-0.415377
-0.409983
-0.404601
-0.399231
-0.393872
-0.388524
-0.383187
-0.377861
-0.372546
-0.367242
-0.361947
-0.356663
-0.351389
-0.346125
-0.34087
-0.335624
-0.330388
-0.325161
-0.319943
-0.314733
-0.309532
-0.304339
-0.299155
-0.293978
-0.288809
-0.283648
-0.278495
-0.273349
-0.26821
-0.263078
-0.257954
-0.252836
-0.247724
-0.242619
-0.237521
-0.232428
-0.227342
-0.222261
-0.217186
-0.212117
-0.207053
-0.201995
-0.196941
-0.191893
-0.186849
-0.181811
-0.176777
-0.171747
-0.166722
-0.161701
-0.156684
-0.151671
-0.146661
-0.141656
-0.136654
-0.131655
-0.12666
-0.121668
-0.116679
-0.111693
-0.106709
-0.101728
-0.0967501
-0.0917742
-0.0868005
-0.0818291
-0.0768597
-0.0718922
-0.0669264
-0.0619622
-0.0569997
-0.0520385
-0.0470786
-0.0421199
-0.0371621
-0.0322053
-0.0272493
-0.022294
-0.0173392
-0.0123849
-0.00743078
-0.00247689
0.00247693
0.00743078
0.0123849
0.0173392
0.022294
0.0272493
0.0322053
0.0371621
0.0421198
0.0470786
0.0520385
0.0569997
0.0619623
0.0669264
0.0718921
0.0768597
0.0818291
0.0868006
0.0917742
0.09675
0.101728
0.106709
0.111693
0.116679
0.121668
0.12666
0.131655
0.136654
0.141656
0.146661
0.151671
0.156684
0.161701
0.166722
0.171747
0.176777
0.181811
0.186849
0.191893
0.196941
0.201995
0.207053
0.212117
0.217186
0.222261
0.227342
0.232428
0.237521
0.242619
0.247724
0.252836
0.257954
0.263078
0.26821
0.273349
0.278495
0.283648
0.288809
0.293978
0.299155
0.304339
0.309532
0.314733
0.319943
0.325161
0.330388
0.335624
0.34087
0.346125
0.351389
0.356663
0.361947
0.367242
0.372546
0.377861
0.383187
0.388524
0.393872
0.399231
0.404601
0.409983
0.415377
0.420784
0.426202
0.431633
0.437077
0.442534
0.448004
0.453488
0.458985
0.464496
0.470021
0.475561
0.481115
0.486684
0.492268
0.497868
0.503483
0.509115
0.514762
0.520426
0.526106
0.531804
0.537519
0.543252
0.549002
0.554771
0.560558
0.566364
0.572189
0.578034
0.583899
0.589783
0.595688
0.601614
0.607562
0.61353
0.619521
0.625534
0.63157
0.637629
0.643711
0.649817
0.655948
0.662103
0.668284
0.67449
0.680722
0.686981
0.693267
0.69958
0.705921
0.712291
0.71869
0.725118
0.731577
0.738066
0.744586
0.751139
0.757723
0.764341
0.770992
0.777678
0.784398
0.791155
0.797947
0.804777
0.811644
0.81855
0.825495
0.83248
0.839505
0.846573
0.853683
0.860837
0.868034
0.875278
0.882567
0.889903
0.897288
0.904722
0.912206
0.919742
0.927331
0.934973
0.94267
0.950423
0.958234
0.966104
0.974034
0.982026
0.990081
0.998201
1.00639
1.01464
1.02297
1.03136
1.03983
1.04837
1.057
1.0657
1.07448
1.08334
1.09229
1.10133
1.11047
1.11969
1.12901
1.13843
1.14795
1.15758
1.16732
1.17716
1.18713
1.19721
1.20741
1.21775
1.22821
1.23881
1.24955
1.26044
1.27148
1.28268
1.29404
1.30557
1.31727
1.32916
1.34124
1.35352
1.36601
1.37871
1.39164
1.40481
1.41822
1.43189
1.44584
1.46008
1.47461
1.48947
1.50466
1.52021
1.53613
1.55246
1.5692
1.5864
1.60408
1.62228
1.64103
1.66038
1.68037
1.70105
1.72249
1.74475
1.76792
1.79207
1.81731
1.84377
1.87158
1.90092
1.932
1.96506
2.00042
2.03848
2.07974
2.12488
2.17481
2.23084
2.2949
2.37003
2.46155
2.57995
2.75169
3.09377
