0.311301	
-0.0928654	0.428763	
0.00872963	0.00157437	0.440638	
0.0162571	-0.0114589	0.0258473	0.461162	
-0.0113456	-0.00523868	-0.380422	-0.000749622	0.531468	
-0.014073	-0.00407286	0.0070468	-0.00330138	-0.0013158	0.458359	
0.00222146	0.209935	-0.00118051	0.0158574	-0.0107918	0.0104391	0.469532	
0.0022662	-0.00522512	-0.0113936	-0.178778	-0.0254419	0.0355391	-0.00114785	0.462422	
0.0720201	0.15394	0.00200039	-0.01181	0.00195345	-0.00500505	0.104219	0.0173865	0.445684	
0.0209428	-0.00693167	-0.00665591	-0.0226026	0.0131069	-0.0224451	-0.00589943	0.0286579	-0.00566893	0.918958	
-0.0236545	-0.00818332	-0.0297803	0.0432416	0.041408	0.0160683	-0.00068305	0.0860172	-0.0128313	-0.541016	0.843357	
0.00248251	0.00797233	0.0361535	0.0385246	-0.0212476	-0.500243	0.00677721	0.0106816	-0.00492901	-0.0246355	0.273135	0.784366	
0.0119197	0.0227003	-0.00942641	-0.0111267	0.00677639	0.0276956	0.0720294	0.00530969	0.286516	-0.00845468	-0.143209	-0.0135794	0.609651	
-0.00373176	0.000566584	0.00486295	0.00309164	-0.0100482	0.00018131	-0.00152087	0.00128323	-0.00529842	-0.0145871	-0.00197185	-0.000945524	-0.00268491	0.517103	
0.0112485	0.234219	0.00564102	0.00399706	-0.000985245	-3.02744e-05	0.232203	-0.00978214	-0.054595	0.0309744	-0.132947	0.0010578	0.0695915	0.00407496	0.59848	
0.00581314	-0.0202191	-4.46797e-05	0.0114994	0.000728399	0.0144937	0.0190031	-0.0119335	0.351216	-0.0170718	0.131847	0.00187489	-0.388011	-0.00134615	-0.110731	0.668463	
-0.00374852	-0.0376017	0.00241253	0.00896165	-0.00365591	0.010507	-0.0981665	0.00499884	-0.251066	-0.0121994	0.0471094	0.00589	-0.127452	0.000874344	-0.054884	-7.67256	7.57164	
0.00643223	0.0329076	-0.007709	0.016718	-0.000333117	0.0234525	-0.0552464	0.0136824	-0.251022	-0.00744409	0.014617	-0.062819	0.119911	-0.000748227	-0.0192328	-10.2357	-2.56042	12.4981	
