0.63446	
-0.10245	0.597474	
-0.105935	-0.011913	0.626095	
0.0563588	-1.06683	1.41459	1.82392	
-0.0425011	0.0170007	-0.106994	-0.103244	0.651778	
0.00844121	-0.0120815	0.0247067	-0.0316558	0.0499586	0.741057	
-0.102148	0.189068	-0.221274	-0.160152	-0.0434808	-0.0454872	0.650396	
0.00979079	-0.123383	0.0336858	0.216383	-0.0162855	0.0726728	0.00236415	0.611668	
-0.24678	0.0239786	-0.0887393	-0.0697158	0.107662	0.00819745	0.0413812	-0.137733	0.697882	
-0.0454915	0.0430074	-0.103099	-0.249465	0.199919	-0.0683608	-0.00953003	0.0219196	-0.0201825	0.698353	
-0.0164726	-0.0188822	0.143551	0.0704286	-0.0427058	0.043881	0.0892092	-0.138313	0.00952592	-0.235807	0.646669	
-0.0212601	0.152398	-0.202163	-0.332912	0.0680574	-0.0578778	-0.011957	-0.0211187	-0.0340242	-0.335618	-0.108195	0.837587	
-0.0273593	-0.0847255	0.0772863	0.119057	-0.0338986	-0.0162828	-0.0473582	-0.0511582	0.102875	-0.437019	0.00333697	-0.375317	0.971238	
-0.0729192	0.235375	-0.316816	-0.319946	-0.00508136	0.00800076	-0.0172819	-0.0240885	-0.0279053	-0.0952521	-0.088904	0.0901856	-0.0554655	0.714058	
-0.0495558	0.122477	-0.162353	-0.171929	0.0125792	0.0316454	0.0130151	-0.0157067	0.0501703	-0.0546268	-0.0170138	0.148281	-0.564127	0.690442	1.02797	
-0.0881887	0.0742251	0.100711	0.0261664	-0.00405593	0.0657662	0.024779	-0.00458484	-0.0190964	-0.0271533	0.0684332	-1.40779	1.62996	0.189402	-2.99166	3.22633	
-0.0715562	0.0497372	0.00437334	0.0307576	-0.0205504	-0.0351202	-0.0154832	0.0390437	-0.0239938	0.104804	-0.0083926	0.0699937	-0.0954914	0.254997	0.335241	-0.2006	0.776959	
0.00503356	0.0480511	-0.177584	-0.245334	0.144832	-0.038133	-0.0630197	0.0343696	-0.0939484	-0.0611589	0.0166517	0.146054	0.0539384	-0.182916	-0.220842	0.16528	0.070849	0.767969	
-0.243183	0.16589	-0.219185	-0.176874	-0.0216548	-0.133426	0.0279538	0.0534446	0.0267415	-0.0404492	0.0379468	0.173918	-0.277482	-0.024157	0.325647	-0.348785	-0.0768744	0.0143286	0.645802	
-0.199279	0.0730211	-0.0742049	-0.0643157	-0.055324	0.0958075	0.0279958	-0.0631908	0.0695909	0.183469	0.0182768	-0.0812543	0.0306567	-0.0547745	0.0874094	-0.156029	-0.0902658	0.133065	-0.138651	0.693758	
-0.119747	0.200582	-0.148749	-0.240726	0.0238976	0.0774692	-0.0636493	-0.0143893	-0.0492952	-0.188646	0.108427	-0.292448	0.347063	0.117718	-0.4938	0.586346	0.0466067	-0.192747	-0.0620778	0.142244	0.749188	
0.0916547	-0.116908	0.0213463	0.179698	-0.0058175	0.0165425	0.0430335	0.0262202	-0.0196797	0.150641	-0.148469	0.0468791	-0.0294357	-0.0971428	-0.0780944	0.0441058	-0.021248	-0.0230001	-0.177648	0.12293	-0.238855	0.687753	
-0.0184216	0.0523257	-0.0815274	-0.100326	-0.0591926	0.0145679	-0.0998632	-0.0824424	-0.0865955	-0.0115414	0.018147	0.0191113	0.106471	0.0475523	-0.19003	0.22539	0.0983228	-0.099758	-0.0412124	0.10058	-2.0779	1.53149	2.48227	
0.0482129	0.016052	0.00812618	0.0150774	-0.0869759	0.0151467	-0.106583	-0.0504403	-0.0254867	0.0538344	0.0668709	-0.655183	1.9303	-2.72151	-1.20136	1.53074	-0.0514429	-0.0636859	-0.0125567	0.0788041	0.162124	-0.0180997	-0.208624	3.65442	
