1000/n1.54453
1.51986
1.49393
1.47028
1.4484
1.42724
1.41021
1.39065
1.37092
1.35329
1.33654
1.31934
1.30192
1.28603
1.27117
1.25483
1.24145
1.22742
1.21424
1.2032
1.1956
1.18579
1.17362
1.16453
1.15336
1.14264
1.13376
1.12518
1.1174
1.11135
1.10153
1.09257
1.08518
1.07915
1.06962
1.06161
1.05498
1.04842
1.04254
1.03627
1.0297
1.02414
1.01851
1.01355
1.00914
1.00499
1.00108
0.996822
0.991783
0.987323
0.983695
0.978742
0.973712
0.969798
0.965652
0.962022
0.957512
0.95448
0.950801
0.9482
0.944071
0.94031
0.936934
0.934043
0.93017
0.926196
0.92332
0.919296
0.916461
0.913049
0.90965
0.906703
0.905306
0.90282
0.900411
0.897843
0.89513
0.89243
0.890341
0.887318
0.885234
0.882969
0.881003
0.879462
0.877561
0.875911
0.874002
0.87233
0.870606
0.86895
0.867345
0.864888
0.862249
0.860772
0.859087
0.857383
0.855474
0.854195
0.85304
0.851408
0.849666
0.848254
0.846945
0.845632
0.844544
0.843198
0.841899
0.84003
0.83835
0.837
0.835721
0.834268
0.832945
0.831563
0.83016
0.828669
0.827584
0.826168
0.824634
0.823322
0.821755
0.820546
0.818932
0.817676
0.816853
0.815347
0.814255
0.812874
0.811742
0.810319
0.809255
0.807971
0.806979
0.80606
0.804781
0.803591
0.803068
0.802132
0.801058
0.800261
0.799316
0.798305
0.797451
0.796514
0.795715
0.794864
0.793934
0.793132
0.792271
0.791166
0.790325
0.789471
0.788497
0.787552
0.786833
0.786229
0.78535
0.784726
0.783863
0.783166
0.782225
0.781399
0.780585
0.779845
0.779196
0.778355
0.777877
0.777097
0.776438
0.776117
0.775542
0.774835
0.773993
0.773584
0.772979
0.77229
0.771732
0.771059
0.770448
0.769945
0.76924
0.768637
0.768112
0.767473
0.766891
0.76615
0.76544
0.764633
0.763912
0.763362
0.762788
0.762203
0.761592
0.761102
0.76056
0.760025
0.759413
0.75882
0.758188
0.757485
0.756812
0.756247
0.755711
0.755232
0.75457
0.754169
0.753539
0.753055
0.752486
0.752041
0.751609
0.751041
0.750575
0.749989
0.749404
0.74888
0.748401
0.747922
0.747545
0.747191
0.746722
0.746277
0.745759
0.745332
0.744851
0.744418
0.743993
0.743451
0.742977
0.742553
0.742024
0.741634
0.741109
0.740625
0.740234
0.739763
0.739292
0.738772
0.738205
0.737699
0.737211
0.736735
0.736322
0.735904
0.735568
0.735147
0.734657
0.734148
0.733651
0.733342
0.733001
0.732569
0.732159
0.73173
0.731267
0.730863
0.730442
0.730028
0.729665
0.729209
0.728811
0.728374
0.727984
0.727502
0.727059
0.726644
0.726338
0.725883
0.725449
0.725048
0.724676
0.724257
0.723923
0.723571
0.723165
0.722826
0.722481
0.722059
0.721744
0.721367
0.72093
0.720608
0.720233
0.719936
0.719598
0.719288
0.71898
0.718606
0.71832
0.717914
0.717518
0.717118
0.716766
0.716416
0.716106
0.715772
0.715422
0.715136
0.71482
0.714558
0.714219
0.713788
0.713401
0.713064
0.71265
0.712336
0.711959
0.711694
0.711386
0.711096
0.71069
0.710412
0.710095
0.709789
0.709554
0.709198
0.708866
0.708414
0.708193
0.707899
0.70761
0.707407
0.707161
0.706814
0.706572
0.706252
0.705976
0.705681
0.705442
0.705176
0.704922
0.704637
0.704354
0.704086
0.703804
0.703477
0.703087
0.702792
0.70241
0.702115
0.701812
0.701557
0.701305
0.700993
0.700709
0.700338
0.700075
0.699736
0.699523
0.699252
0.698983
0.698736
0.698473
0.698152
0.697911
0.697595
0.697326
0.697114
0.696763
0.696485
0.69617
0.695863
0.695567
0.695325
0.695032
0.694765
0.694442
0.694191
0.693988
0.69365
0.693306
0.692955
0.692748
0.692492
0.692233
0.691976
0.691828
0.691641
0.691412
0.691109
0.690821
0.690635
0.690361
0.690164
0.689825
0.689597
0.689331
0.689073
0.688751
0.688558
0.688282
0.687985
0.68764
0.687359
0.687065
0.686801
0.686546
0.686333
0.686105
0.685914
0.685635
0.685404
0.685109
0.684916
0.684688
0.684484
0.684244
0.684051
0.683771
0.683572
0.683395
0.683167
0.682942
0.682731
0.682473
0.682284
0.682064
0.681799
0.681467
0.68118
0.680948
0.680707
0.680408
0.680218
0.680049
0.679805
0.679603
0.679411
0.679194
0.679006
0.678854
0.678604
0.678422
0.678189
0.677991
0.67777
0.677589
0.677335
0.677108
0.676845
0.676633
0.676409
0.676264
0.675999
0.675752
0.675509
0.675289
0.675038
0.674873
0.674675
0.674533
0.674403
0.674211
0.674066
0.673918
0.673684
0.673574
0.67339
0.673136
0.672968
0.672709
0.672424
0.672219
0.67199
0.671803
0.671557
0.671361
0.67113
0.670988
0.670686
0.670467
0.670171
0.669994
0.669821
0.66959
0.669356
0.669128
0.668975
0.668771
0.668558
0.668385
0.668185
0.668028
0.667849
0.667616
0.667448
0.667198
0.66706
0.666783
0.666528
0.666393
0.66627
0.666085
0.66589
0.66564
0.665418
0.6653
0.665153
0.66498
0.664832
0.664651
0.664469
0.664273
0.664031
0.663844
0.663622
0.663468
0.663279
0.663088
0.662923
0.662694
0.662496
0.662361
0.662154
0.661988
0.661849
0.661665
0.661491
0.661306
0.661149
0.661017
0.660884
0.660692
0.660502
0.660344
0.660217
0.660094
0.65992
0.659802
0.659524
0.659372
0.659208
0.659032
0.658898
0.65871
0.658546
0.658379
0.658203
0.658019
0.657822
0.657665
0.657562
0.657386
0.657226
0.657041
0.656905
0.656812
0.656656
0.656498
0.656401
0.656289
0.656158
0.656072
0.655846
0.655754
0.655441
0.655207
0.655145
0.654948
0.65475
0.654612
0.65446
0.654243
0.654145
0.653985
0.653837
0.653682
0.653516
0.653332
0.653138
0.653025
0.652852
0.652637
0.652584
0.65242
0.652282
0.652098
0.651987
0.651765
0.651599
0.651445
0.651227
0.651068
0.650971
0.650778
0.650685
0.650599
0.650478
0.65032
0.650181
0.650066
0.649948
0.649843
0.649709
0.649483
0.649269
0.649101
0.648933
0.64878
0.648611
0.648461
0.648371
0.648235
0.648066
0.647995
0.647774
0.647638
0.647511
0.647361
0.647242
0.647087
0.646918
0.646718
0.646558
0.646458
0.64633
0.646223
0.646047
0.645912
0.6458
0.645695
0.645596
0.645409
0.645269
0.64505
0.644883
0.644723
0.644589
0.644453
0.644341
0.644236
0.644111
0.644026
0.643917
0.643784
0.643698
0.643569
0.643433
0.643332
0.64316
0.643009
0.642908
0.642781
0.642607
0.6424
0.642279
0.642122
0.642024
0.641901
0.641776
0.641593
0.641442
0.641267
0.641073
0.640961
0.640851
0.640662
0.640543
0.64045
0.640351
0.64026
0.640181
0.640008
0.639928
0.639831
0.639716
0.639586
0.639441
0.639297
0.639209
0.639056
0.638889
0.638803
0.638663
0.638508
0.638349
0.638229
0.638104
0.637978
0.637852
0.637722
0.637562
0.637453
0.637364
0.63729
0.637169
0.637061
0.636928
0.63682
0.63666
0.636585
0.636465
0.636376
0.636217
0.63613
0.63598
0.635866
0.635733
0.635599
0.635465
0.635264
0.635147
0.635059
0.634962
0.634836
0.634692
0.634576
0.634467
0.63433
0.634226
0.63412
0.634017
0.633893
0.633734
0.633643
0.633496
0.633358
0.633243
0.633156
0.633015
0.63294
0.632821
0.632703
0.6326
0.632486
0.632331
0.632168
0.632011
0.631961
0.631865
0.63176
0.631683
0.631534
0.631401
0.631334
0.631203
0.63103
0.630977
0.630829
0.630728
0.630599
0.630494
0.630372
0.63028
0.630159
0.630014
0.629949
0.629859
0.629739
0.629665
0.629568
0.629475
0.629384
0.629245
0.629121
0.629044
0.628939
0.628828
0.628749
0.628666
0.62856
0.628473
0.628323
0.628215
0.628095
0.628022
0.627945
0.627774
0.62766
0.627558
0.627434
0.627327
0.62717
0.627027
0.626913
0.626813
0.626732
0.626631
0.626494
0.626411
0.626313
0.626198
0.626058
0.625961
0.625856
0.62578
0.625649
0.625546
0.625423
0.625309
0.625216
0.625099
0.624996
0.624883
0.624782
0.624694
0.624547
0.624454
0.624359
0.624267
0.624164
0.624063
0.623973
0.62385
0.623744
0.623643
0.623538
0.623433
0.623339
0.623273
0.623173
0.623083
0.622986
0.622901
0.622786
0.622721
0.62264
0.62251
0.622418
0.622354
0.622216
0.622141
0.622059
0.621955
0.621877
0.621799
0.621724
0.621631
0.621548
0.62142
0.621355
0.621237
0.621135
0.621049
0.620956
0.620879
0.620816
0.620695
0.620573
0.620483
0.620433
0.620331
0.620276
0.620216
0.620107
0.620057
0.619972
0.619881
0.619808
0.619691
0.61964
0.619548
0.619498
0.619407
0.619344
0.619289
0.619218
0.619192
0.619051
0.61898
0.618862
0.618742
0.618676
0.618615
0.618585
0.618481
0.618366
0.618288
0.618231
0.618141
0.61805
0.617981
0.61791
0.617787
0.61776
0.617668
0.617618
0.617513
0.617461
0.617324
0.617249
0.617162
0.617067
0.616958
0.616934
0.616766
0.616646
0.616536
0.616446
0.61633
0.616281
0.616219
0.616118
0.616051
0.61599
0.615931
0.615864
0.615832
0.615654
0.615595
0.615501
0.615423
0.61533
0.615305
0.615213
0.615186
0.615051
0.614904
0.614855
0.614813
0.614698
0.614535
0.614447
0.614385
0.61432
0.614242
0.614231
0.61411
0.613984
0.613844
0.613765
0.6137
0.613603
0.61353
0.613449
0.613323
0.613178
0.613126
0.613029
0.612919
0.612795
0.612704
0.612585
0.612496
0.612418
0.612339
0.612246
0.612181
0.61208
0.611998
0.611938
0.611812
0.611753
0.611669
0.611572
0.611505
0.611412
0.611334
0.611276
0.611211
0.611141
0.611007
0.610914
0.610827
0.610757
0.610684
0.610586
0.610531
0.610427
0.610338
0.610235
0.610164
0.610087
0.609952
0.609891
0.609798
0.609754
0.609681
0.609617
0.609541
0.609463
0.609407
0.609296
0.609228
0.609171
0.609123
0.609046
0.608956
0.608879
0.608811
0.608731
0.608627
0.608521
0.608449
0.608369
0.608307
0.608248
0.608207
0.608102
0.608025
0.60795
0.607902
0.607834
0.607745
0.607676
0.607594
0.607518
0.607468
0.607381
0.607318
