1
1
1
1
1
1
1
1
1
1
0.947368
0.913043
0.970588
0.933333
0.889202
0.8202
0.901244
0.898496
0.79685
0.993606
0.912281
0.892857
0.931034
0.909091
0.826141
0.715847
0.834396
0.837093
0.674099
0.975369
0.982456
0.944444
1
0.971429
0.958153
0.939979
0.969132
0.964912
0.928554
1
0.982456
0.947368
1
0.972973
0.959364
0.938596
0.968388
0.964912
0.929011
1
0.964912
0.875
1
0.933333
0.910219
0.892368
0.943491
0.931078
0.855855
0.961128
0.964912
0.909091
1
0.952381
0.924686
0.877232
0.93475
0.931078
0.861803
1
1
1
1
1
1
1
1
1
1
1
0.947368
0.863636
1
0.926829
0.887859
0.825994
0.905067
0.898496
0.796312
0.993506
0.928571
0.826087
1
0.904762
0.852883
0.77218
0.871969
0.864935
0.729534
0.99473
