0.572079 1.50646 0.97572 
1.43117 1.39304 0.590363 
0.740428 1.08731 0.583384 
1.22898 0.764672 0.977825 
1.47348 0.92136 1.67173 
0.734695 1.56823 1.54272 
1.27545 0.915969 1.00511 
0.63543 0.89127 1.3675 
1.12957 1.1136 1.4287 
1.01466 1.23361 0.831847 
1.16665 0.97171 1.13846 
1.15247 0.736203 0.921426 
1.68475 1.58556 0.793055 
1.11842 1.41788 1.22678 
1.40271 0.997396 1.16733 
0.691288 1.20722 1.00409 
1.09633 0.916568 0.798387 
1.02897 0.604462 0.631189 
1.54232 0.801175 0.699478 
1.65531 0.734688 1.38682 
0.861924 0.643184 0.815152 
0.587063 1.44121 0.658056 
1.37309 0.841096 1.29566 
1.68063 0.79205 1.71687 
0.683022 1.07812 1.6013 
1.45706 1.29787 1.10911 
1.55587 1.40506 0.784918 
1.61383 1.27092 0.976878 
1.42441 1.37067 1.23516 
1.27914 1.34371 1.2273 
0.695755 1.43208 0.664334 
1.51577 1.04493 1.14916 
1.42125 1.68003 0.917988 
0.646404 1.27659 1.57948 
0.691429 0.9079 1.33488 
1.00762 1.16071 1.18473 
0.577425 1.2921 1.43203 
1.47584 1.67615 1.00325 
1.66758 0.953564 0.724416 
1.2586 0.589698 1.28241 
0.765332 0.941514 1.4953 
1.27499 0.739938 0.864711 
0.646897 0.921747 0.930966 
0.725901 1.60632 1.2802 
0.833995 0.860862 0.634977 
1.06256 1.60205 0.71691 
0.624912 1.6288 1.66054 
1.54123 0.871961 1.67046 
1.24555 1.6641 0.581384 
1.47676 0.829433 1.05344 
1.55622 1.33713 1.18241 
1.36536 0.608619 1.38517 
1.66319 0.740361 0.90901 
1.37116 0.850468 0.695445 
0.662972 1.69771 0.815222 
1.43581 0.931965 0.862852 
0.747569 1.65695 1.31506 
1.09559 0.746809 1.05818 
1.23749 1.03104 1.4871 
1.01947 0.800964 1.09529 
1.07927 1.53761 1.66433 
1.70877 1.23597 1.38742 
0.870542 1.39269 1.02545 
0.92633 0.980941 1.41944 
0.801352 1.62467 0.698847 
1.16763 1.36665 0.660231 
0.924748 1.02861 1.40629 
1.2803 0.686241 1.69319 
1.40957 1.37261 0.630558 
0.640741 0.818053 0.583664 
1.26904 0.976607 1.28949 
1.21938 0.926504 1.27714 
0.60641 1.65427 1.27602 
1.24214 1.48849 1.25056 
1.34604 0.881369 1.45925 
0.705323 1.60484 1.60979 
0.798116 1.67347 1.2957 
0.876065 1.48264 1.12587 
1.5565 1.23466 0.793652 
0.58833 0.773798 1.35077 
0.99851 1.30961 1.68912 
1.45723 0.583427 0.967618 
0.675143 0.962972 1.18855 
1.10748 1.5695 1.22341 
1.56673 1.57069 1.52547 
1.61756 1.08094 1.51905 
0.571621 0.64632 1.35911 
0.735293 0.594173 0.634802 
1.06823 1.02527 0.599377 
1.30169 1.10778 1.47205 
1.27144 1.44537 1.39099 
1.3102 1.36725 0.90687 
0.854678 1.67192 1.28956 
1.42994 1.2995 1.62862 
1.08898 0.783946 1.41267 
0.618299 1.21507 0.643676 
1.26324 1.33501 1.32428 
0.82608 1.14718 1.07316 
1.00389 1.41936 1.32085 
1.4203 0.992146 1.51695 
1.57275 1.05381 0.762611 
1.25195 1.24249 1.62546 
1.50293 1.46464 1.01935 
0.796111 1.01346 0.800877 
1.44781 1.0907 1.10335 
0.845532 1.63725 0.641676 
1.43187 1.62326 1.20851 
1.48161 1.41757 1.57938 
1.02584 1.32546 1.4422 
0.636942 0.972062 1.07452 
0.910994 0.66429 0.737498 
1.0015 1.51277 0.867938 
0.835015 1.59761 0.620141 
0.980852 1.60544 1.6209 
1.72246 1.54279 0.89996 
1.42565 1.31746 1.51344 
1.00294 1.5999 1.08901 
1.05296 1.15197 1.61498 
1.45948 1.50375 1.19251 
1.31621 1.00113 1.21822 
0.945149 1.65822 1.60053 
1.30225 1.06187 0.733605 
1.35631 1.27381 1.51368 
1.16598 1.4367 1.10441 
1.29789 1.69158 0.878776 
1.25898 1.10391 0.589802 
1.03615 0.906209 1.06982 
1.18512 1.57165 0.955798 
1.21565 0.841801 1.68116 
0.658751 1.14838 0.922829 
1.24885 1.22011 0.919532 
0.836985 1.60068 1.71694 
0.866778 0.840004 0.629786 
0.893054 1.04873 0.908904 
1.66713 1.48994 1.5731 
0.879442 0.720101 0.775308 
1.09482 0.589452 1.48934 
0.914969 1.54501 0.599588 
0.981204 0.781056 1.42923 
1.17646 0.75611 0.606743 
0.857879 1.19612 1.64486 
0.747252 1.60621 1.51831 
1.34513 1.66893 1.25673 
0.798784 0.982985 1.3682 
1.70314 0.845007 0.948327 
0.958516 0.907759 1.42323 
1.36212 0.64713 0.965689 
0.594591 1.19686 1.46654 
1.44654 1.0617 1.07694 
0.880989 1.70656 0.654759 
1.56195 0.907019 0.771345 
0.917466 0.669363 0.823149 
1.2994 1.44885 0.897821 
1.22483 1.49106 1.28437 
0.794528 0.621586 1.04068 
1.60803 0.811147 0.979964 
1.69562 0.973331 0.80491 
1.18381 0.687756 1.5429 
0.577285 1.65261 1.43154 
1.52741 1.47817 1.36504 
0.688122 1.36641 0.835916 
1.45041 0.637582 1.22303 
1.58337 1.05014 1.65942 
1.28093 1.0599 0.803998 
1.28885 0.694274 0.937209 
0.929707 1.1143 0.996624 
1.23964 1.02692 1.05422 
0.667052 0.673591 1.29619 
1.27893 1.52521 0.827077 
0.875607 1.46238 0.997711 
0.827276 0.931366 1.54037 
1.40531 0.667108 1.30615 
0.679434 0.968891 0.929773 
0.780739 0.77186 1.14997 
1.08522 1.12914 0.858854 
0.915883 1.29999 0.873059 
1.56125 0.868508 0.680644 
0.896396 1.16744 1.69365 
1.62502 0.789407 1.35227 
1.53557 1.57771 1.19188 
0.806488 0.803113 1.42221 
1.47672 1.54755 0.644272 
1.59962 1.01329 1.59316 
1.34822 1.18216 1.43087 
1.21498 0.635256 0.996624 
0.944727 0.860017 1.57906 
0.797518 1.07304 0.773624 
1.38829 0.627364 0.723504 
1.22641 0.661858 1.0458 
1.5165 1.71336 0.900031 
0.910361 1.50921 1.52613 
1.15796 1.11991 1.20391 
1.33102 0.702554 1.48254 
1.42857 1.08316 1.29952 
1.53497 0.69889 0.867307 
1.08093 1.56192 1.63486 
1.2701 1.19302 0.845596 
0.746514 1.63112 1.03924 
1.03119 0.951908 0.906379 
1.12166 1.10423 1.63311 
0.742011 0.690539 1.13713 
1.053 1.53169 1.1708 
1.40707 1.51185 1.42772 
1.51457 1.223 1.44325 
0.767689 0.940598 1.37581 
0.635218 0.942994 0.996694 
0.842894 1.44561 1.39159 
0.595505 0.718656 1.17529 
1.14136 1.21176 1.4515 
1.20105 1.48948 0.91385 
0.687946 1.34421 1.34403 
1.44267 0.701427 1.69652 
1.4941 1.12995 1.66264 
1.23419 1.10144 1.32677 
1.32068 1.41802 1.59979 
1.57208 1.41679 0.748722 
1.3968 0.64632 1.13408 
1.23774 0.988763 0.683064 
1.02785 1.07371 0.831707 
1.60001 1.04806 1.42288 
1.26609 1.3607 1.18416 
0.588048 1.69363 0.855662 
1.10808 1.01861 1.42351 
1.3547 1.43966 1.27736 
0.652595 1.29837 0.748056 
0.873708 1.53599 1.08862 
1.38755 1.43508 0.934158 
0.906949 0.861109 1.06835 
1.43891 1.21694 1.4193 
1.20478 0.951062 1.37265 
0.879934 0.734124 1.31615 
1.51299 0.690821 1.37893 
0.99939 0.686875 1.17161 
1.52055 0.632473 1.06411 
1.60884 1.13037 1.44396 
0.886441 1.52207 0.8309 
1.2918 0.866817 1.21896 
1.68535 1.59899 0.972353 
1.51 1.30288 1.14695 
0.845392 1.71523 0.942891 
1.64356 1.45442 1.62704 
0.874411 0.870693 1.62403 
0.941948 0.856176 0.691972 
1.00396 1.60804 1.43743 
1.20218 0.652275 0.941067 
1.17681 1.26373 1.33218 
0.653369 1.46425 0.923951 
1.16493 1.00828 1.40436 
0.712815 0.637829 0.726766 
1.475 1.28001 1.72016 
0.751931 1.70286 0.651848 
1.06724 1.26165 1.61592 
0.777081 0.823021 1.55707 
1.66417 0.919809 1.34165 
1.57595 1.62541 1.08575 
1.70255 0.674331 1.5644 
1.23974 1.01973 1.68558 
0.966958 0.938801 1.13717 
1.0289 1.3885 1.26985 
1.46508 1.51034 1.45827 
1.16299 1.41461 1.02886 
1.18483 1.35872 1.21931 
0.804201 0.7448 1.21306 
1.72316 1.1791 1.59905 
0.576792 0.688002 1.01171 
0.947014 0.999721 1.23351 
1.07709 1.02851 1.25943 
1.24463 0.842998 1.32916 
1.16018 1.11652 0.598606 
1.01944 1.5337 1.02675 
0.700434 1.44191 0.60783 
0.980325 0.596322 1.46574 
1.27847 1.2124 0.90231 
0.97139 1.66336 1.22846 
0.924079 1.65836 0.763488 
0.943461 0.590579 0.9189 
0.97329 0.902686 1.45311 
1.49969 1.08985 1.62487 
0.858618 1.39688 0.739918 
1.46768 1.50378 0.602324 
0.804412 0.956207 1.66955 
0.775393 1.02823 1.52894 
1.14519 0.900783 1.28711 
0.95528 0.637053 0.73841 
0.919049 0.879008 0.957061 
1.41889 1.30665 1.17638 
0.59438 1.05803 1.51652 
1.24611 1.28216 1.21787 
1.53719 1.23237 0.631961 
1.48453 1.58969 1.45332 
1.10309 1.32268 0.601938 
1.19212 1.62474 1.45925 
0.854573 0.738881 1.09774 
1.04382 0.989538 0.986944 
1.00238 1.10261 1.71757 
1.09398 1.60864 1.38352 
0.773493 1.05842 0.918059 
1.20678 1.29654 1.69614 
1.3655 1.61812 1.01132 
0.890803 0.953952 1.09869 
1.47844 1.51753 1.55781 
0.660474 1.16462 1.14558 
0.818834 1.19668 1.29868 
0.927386 1.35358 0.90908 
1.03013 1.29206 1.45041 
1.14227 1.49321 1.18988 
1.08029 0.63582 1.09416 
0.868643 1.04993 1.54297 
0.58935 1.71797 1.55142 
1.56934 1.25883 0.906519 
1.07231 1.20831 0.964952 
0.975646 0.58998 1.6168 
1.47602 0.829363 1.43964 
1.4636 0.57423 1.00651 
0.68158 1.55086 0.80947 
1.31277 1.03267 1.42249 
1.59097 1.66315 1.22962 
1.46107 0.619753 1.51284 
1.23426 1.41045 1.3132 
0.79502 0.706254 0.863273 
1.61046 1.0289 0.999535 
0.79801 1.06029 1.50649 
0.705429 1.17142 1.57268 
0.86611 0.654389 0.623684 
0.817849 1.06508 1.50502 
1.46293 0.757027 1.11914 
0.700328 1.67365 1.54367 
0.732162 0.622255 1.29496 
1.05166 1.04408 1.33088 
1.61689 1.23227 0.781025 
1.32617 1.32663 1.30373 
1.62059 1.49448 1.49674 
0.938958 1.3564 1.14716 
0.650485 1.37821 1.35045 
0.992003 0.803113 1.18834 
1.22606 0.654389 1.20921 
1.19827 1.38142 1.02689 
0.785101 1.34146 1.28293 
1.46043 0.77105 1.68653 
1.57556 0.794445 1.01251 
0.876839 1.23914 1.49218 
1.07649 0.609676 1.36269 
0.610279 0.638357 1.4085 
1.10179 1.32944 1.14941 
0.695052 0.675882 1.14172 
1.00164 1.3051 1.66043 
0.896713 1.08827 1.20587 
1.07182 1.02361 1.45181 
1.43117 1.61414 1.52652 
1.41833 1.71191 1.2413 
0.983526 1.0605 1.26392 
0.61858 0.611086 1.44925 
0.840749 0.692618 0.633574 
1.63726 1.43229 1.37661 
0.840256 1.19323 1.54486 
1.3012 1.69338 1.70059 
1.24899 1.41816 0.585348 
1.14245 0.889226 0.946153 
1.60926 0.91692 1.59628 
1.20418 1.08407 1.06982 
1.34189 1.08164 1.72072 
1.24224 1.56263 0.875724 
1.72038 1.21532 0.90908 
0.655163 1.12984 1.33056 
1.58383 1.6876 0.619615 
1.35547 1.22092 1.6988 
1.67944 1.39917 1.58572 
0.72284 1.69659 1.17785 
1.39814 1.20447 1.01486 
1.35107 0.926539 0.743601 
1.71809 0.753045 0.711438 
1.59111 1.27666 1.37605 
1.40159 1.68429 1.13646 
1.1887 0.759458 0.617581 
1.27383 1.48342 0.622982 
1.56607 0.615067 0.822307 
1.50775 0.950463 0.910728 
1.20991 1.03605 1.01167 
0.624701 0.736626 1.48215 
1.50574 1.6745 0.657214 
1.27509 0.938554 0.604463 
1.24263 0.97777 1.5865 
0.968084 1.59716 0.89982 
1.59839 1.10965 0.799825 
1.38277 1.69743 1.00694 
0.716861 1.21536 0.604919 
0.963054 0.816678 0.646692 
1.0422 1.08897 1.44098 
1.08342 1.43649 0.875619 
1.41193 0.928689 0.983436 
1.00994 1.65709 1.52326 
1.38361 0.843069 0.767907 
0.890205 1.64377 0.588399 
1.20084 0.62599 1.53052 
0.607782 1.51555 1.36532 
1.01483 1.01491 1.45448 
0.736629 0.715344 0.832899 
1.16049 1.36274 1.13489 
1.21558 1.56104 1.39345 
1.18188 1.5084 1.09925 
1.71342 1.67594 0.678259 
0.58133 1.01315 1.71697 
1.11061 0.750085 1.4038 
0.630786 0.665805 0.982945 
1.62129 1.26659 1.09967 
1.09246 1.48522 0.928581 
1.58643 0.669081 1.65033 
1.54823 0.715626 1.43151 
1.66537 0.989292 1.06127 
1.35143 0.937673 0.639712 
0.608767 0.889719 1.11111 
1.61869 0.766751 0.916621 
0.697585 1.61093 1.42225 
1.20995 1.05359 1.51056 
1.3413 0.893031 0.793617 
0.617912 0.76358 1.65942 
1.24899 0.935136 1.47342 
1.41513 1.12015 1.64184 
1.28568 0.949759 0.622631 
0.975295 1.14147 0.941628 
1.45379 1.3718 1.06961 
1.61999 0.886936 0.633013 
0.973817 0.693464 0.864746 
0.756328 0.815128 0.772221 
1.7163 0.930168 1.21149 
1.20594 1.27067 0.607479 
1.41509 1.62897 1.22934 
1.14537 1.33033 1.32225 
1.37605 0.720806 1.10037 
1.08001 0.6336 0.937279 
1.57271 0.766998 1.70501 
1.52171 1.33942 1.58092 
1.5432 1.43744 0.61004 
0.575491 1.1032 1.21226 
0.804483 1.25517 1.71894 
0.751333 0.775172 1.37893 
0.885668 1.12174 1.602 
1.45097 0.723941 1.14102 
1.40429 0.641211 1.67814 
0.840291 1.194 0.648376 
1.69277 1.31916 0.938086 
1.58967 0.917801 1.58523 
1.19591 1.11148 1.18167 
1.60342 0.880312 1.55809 
1.47056 1.60096 0.797194 
0.767971 1.58119 1.16077 
1.28399 1.18653 1.41018 
0.936109 1.2013 1.34929 
1.22536 1.10638 1.56636 
1.095 0.59449 0.652549 
1.62386 1.67048 1.38538 
0.869979 0.868015 1.04804 
1.07941 0.934608 0.615441 
1.43933 1.24456 1.6315 
1.44717 1.50016 1.35168 
0.573134 1.51911 0.639747 
1.69752 0.640225 1.30061 
0.718655 1.61854 1.17666 
1.40954 1.28181 0.674295 
0.681263 1.28269 1.28539 
0.609505 1.13492 1.48973 
1.30003 0.641599 1.27125 
1.44545 1.70645 1.20749 
1.27327 0.887676 1.25491 
0.755026 1.47584 1.5826 
0.875678 0.590438 1.44641 
1.56983 0.776899 1.22843 
0.587696 1.28931 1.55977 
0.741519 0.689658 1.31937 
0.946451 1.49984 1.28553 
0.763679 1.28389 1.23421 
0.999319 1.21606 1.06474 
1.43036 1.34844 1.21492 
0.683374 0.776018 0.902381 
1.18417 1.29058 0.951133 
1.68869 1.31193 1.65815 
0.64753 0.646214 0.897926 
0.841065 1.51675 0.720382 
1.30971 0.999827 0.808207 
0.661108 1.34509 0.961761 
1.41344 1.48416 0.998799 
1.47781 1.28702 1.30854 
1.39708 1.07259 1.01598 
1.68447 0.620669 1.20489 
0.876874 1.60332 0.864711 
0.866849 0.642127 1.15414 
1.40363 1.52595 1.1594 
1.54461 0.767984 1.3999 
1.48478 1.35492 1.04468 
1.25325 0.837819 1.17196 
0.920069 1.67971 1.48948 
1.59822 1.41341 1.44413 
1.19954 0.847332 1.67344 
1.17815 1.15479 1.18876 
0.86108 1.04338 0.77885 
0.579747 0.608972 1.37525 
0.837196 1.65949 1.10009 
0.77191 1.06938 0.649708 
1.47542 1.61227 1.11994 
1.11603 0.918682 1.41912 
1.4751 1.17815 0.831216 
0.890522 1.53338 1.42859 
1.03365 1.07417 0.738621 
0.736664 0.705443 0.998448 
1.18684 1.67608 1.59576 
0.597053 1.35827 0.852891 
1.28079 1.64039 1.29296 
0.986656 1.53874 1.19125 
0.936989 1.40671 1.19949 
1.52519 1.44008 1.55781 
0.959536 0.911565 1.53564 
0.818588 0.875132 0.763102 
1.23049 1.37765 0.812486 
0.574893 1.27451 0.996133 
0.781161 1.03813 1.51032 
0.955069 0.931895 0.60548 
1.6546 0.851525 1.62462 
1.37622 1.65283 1.00939 
1.14973 1.43064 0.654058 
1.53574 0.596041 0.957587 
1.04452 1.38216 0.81203 
0.613867 1.45206 1.43666 
1.03214 0.889261 1.33393 
1.2975 1.28988 1.64721 
1.19011 1.67027 0.929002 
1.54865 1.25563 0.926792 
1.17959 0.961985 1.18936 
1.34939 1.71685 1.22047 
1.44105 0.738282 1.4435 
1.60733 1.71723 1.11093 
1.65165 0.61024 0.749634 
1.04332 0.863258 0.599237 
0.95929 0.944755 1.47114 
0.613761 1.32324 1.6726 
1.45811 1.70025 1.65293 
1.68144 1.49801 1.38921 
0.586536 0.628069 0.814801 
0.73772 1.09306 0.861344 
0.644083 1.54448 1.24898 
0.950848 1.21821 1.0298 
1.48143 1.38311 0.781832 
0.93523 1.24552 1.62953 
1.10717 1.24784 1.43564 
0.741378 1.38371 1.34284 
1.71458 1.28656 1.07957 
0.755941 0.834613 1.1601 
0.708383 1.46474 0.733886 
0.864598 1.35996 1.6396 
0.655163 1.38438 1.1581 
1.30753 1.54614 0.742935 
1.172 1.62161 1.24337 
1.32905 1.48613 0.988732 
0.811588 1.375 1.1507 
0.963124 1.25852 1.12584 
1.2822 0.765483 0.632171 
0.674263 0.659744 1.49197 
0.822422 1.41101 1.58678 
1.26486 1.65022 0.758472 
1.63592 1.08492 0.802841 
1.4922 1.56414 1.54178 
1.5336 0.961879 1.62536 
1.01504 1.603 1.13225 
1.68003 0.717176 1.08964 
1.41777 1.34875 0.789548 
1.56934 1.26944 0.729852 
0.923446 0.682471 1.00659 
1.46096 1.13396 0.73378 
1.46451 1.569 1.20135 
0.874693 1.18463 1.23386 
1.41298 0.609817 0.962813 
1.49399 0.711046 1.47714 
0.765368 1.3429 0.645429 
1.31544 0.998453 0.628383 
0.968119 1.29636 1.22653 
1.65383 0.927737 1.69144 
1.52723 0.602524 1.31517 
0.91416 0.592235 0.902451 
0.680665 1.29132 1.5571 
1.71489 1.42035 1.61634 
1.32666 1.64363 0.699127 
0.776131 0.747548 0.780779 
1.63016 1.52429 1.08575 
0.984405 1.09898 0.779412 
1.16693 1.21507 1.19391 
1.689 0.868121 1.63897 
0.753619 1.40967 1.15449 
0.810638 1.17896 1.42498 
0.65963 0.605695 1.47363 
1.38217 0.799308 0.984769 
0.656887 1.20461 0.992626 
1.64496 0.782149 1.32334 
0.683127 1.72516 1.11493 
1.70265 1.15229 0.837915 
0.986586 0.841906 0.775694 
0.745986 0.586034 1.28058 
1.01838 1.62679 1.12948 
0.962069 0.581876 1.4495 
0.645912 1.04789 0.754158 
0.646264 1.71297 1.52592 
0.634304 0.806038 0.871761 
1.45948 0.589346 0.796984 
1.52568 1.58433 0.653637 
1.04382 1.48222 0.803753 
0.803181 0.776511 1.55696 
1.67071 1.28924 1.32762 
1.53972 1.27043 0.675663 
1.52829 0.926786 1.07992 
1.42828 1.6393 0.766715 
0.803885 1.02111 0.71235 
1.06179 1.55121 1.40523 
1.63522 1.45203 0.658442 
1.13833 1.70194 0.820343 
1.34917 1.71836 1.4133 
1.33247 0.949336 1.65538 
1.43374 0.919563 1.60375 
0.751297 0.626589 1.59705 
1.59013 0.586739 0.885335 
1.64359 0.640824 0.749669 
0.666736 1.17054 1.62276 
1.06816 1.23632 0.686781 
0.589174 1.17832 0.663107 
1.53156 1.56294 0.824902 
0.801809 1.48025 0.899259 
1.51478 1.06822 1.33751 
0.699062 1.32222 0.751458 
0.955983 0.595653 0.713788 
1.09644 1.50361 0.929879 
0.96541 1.12945 1.65636 
1.29669 1.38885 1.47984 
1.23679 0.861461 1.12538 
1.10351 0.903989 1.71978 
1.50426 1.00881 1.16056 
1.06475 0.740079 1.07579 
0.879055 0.965826 1.18995 
0.721117 0.752059 0.820553 
1.4731 0.872349 1.58394 
1.36557 1.59613 0.774186 
0.584812 1.31458 1.48906 
0.991933 0.813437 1.7182 
1.61443 1.43201 1.25677 
1.52132 0.872102 1.12019 
1.20738 1.56721 1.68228 
1.36567 1.27705 0.57437 
1.43778 1.63443 1.34024 
1.5979 0.760162 1.28262 
0.879653 0.807095 0.955973 
1.24157 0.732926 1.35294 
1.54915 1.32194 1.39591 
1.20186 1.29224 1.12591 
1.5814 1.0426 0.898102 
1.50366 1.26024 0.752194 
0.597827 1.68591 1.42242 
0.66561 1.04084 0.617616 
1.4095 1.37476 0.635995 
1.18687 0.889543 1.01907 
1.42888 1.52827 1.63185 
1.19985 1.52042 0.917357 
1.25786 0.762946 1.08042 
1.12433 1.61763 1.26122 
1.26254 0.623664 1.00683 
1.1664 1.03756 0.574229 
1.01814 1.3435 1.21713 
1.64426 1.69412 1.19665 
1.237 1.27113 0.852541 
1.18786 1.26162 1.52284 
1.32958 1.36813 0.990732 
1.55724 1.51203 1.2877 
0.914758 0.854978 0.593064 
1.41566 0.718656 1.06498 
0.972868 0.890177 0.617511 
1.63888 1.05814 1.01833 
1.56248 1.14002 1.2199 
1.36708 0.789301 0.617721 
1.32599 1.18403 1.67811 
1.4063 0.937427 1.09725 
1.09415 1.721 1.34431 
0.637892 0.722426 1.6685 
1.06098 1.39766 0.97551 
1.61485 1.09077 1.00371 
1.02922 1.04193 1.2608 
1.67937 1.47288 1.32832 
1.72105 1.13379 0.898698 
1.27305 1.1383 1.10535 
1.44049 1.2693 1.12296 
1.42051 0.647624 1.59832 
1.59329 0.913185 0.84258 
1.60279 1.08605 0.765066 
0.78482 1.17995 0.594116 
0.587098 0.677185 1.06649 
0.82207 1.13442 1.47065 
1.13161 1.7098 1.6665 
0.796814 1.05684 1.01392 
1.36173 0.952331 1.53894 
0.94135 0.719572 1.31134 
1.26029 1.045 0.879407 
1.06531 1.44445 1.35424 
1.48914 0.660343 0.620983 
1.02363 0.67863 1.38394 
0.729418 1.30566 1.2829 
0.761745 1.28389 1.64756 
1.57584 1.53335 1.60319 
1.28702 1.08217 0.794283 
0.632897 0.724223 0.881897 
1.36166 1.52577 1.71259 
1.4153 1.45284 1.32428 
1.37394 1.29266 1.29307 
0.708313 0.799872 1.27788 
1.31769 1.26736 0.816029 
0.934491 1.60427 1.15702 
0.684745 1.18121 1.43933 
1.63533 1.13756 1.42509 
0.730544 0.594103 1.03598 
1.18821 0.807658 0.639888 
0.659138 1.63394 0.660722 
0.98831 0.819638 0.844158 
1.21347 0.636137 1.57664 
1.40201 0.872736 1.66155 
1.40447 0.920444 0.747985 
1.03228 1.58408 1.41018 
1.70687 1.16448 0.591661 
1.32167 1.22254 1.10942 
0.63149 1.39237 0.940892 
1.02401 0.577296 0.855347 
0.796533 1.24763 0.960744 
1.41242 0.861743 1.03854 
1.1294 1.14802 0.576614 
1.42867 1.43853 1.5832 
1.68172 0.983302 0.947661 
0.944551 0.942324 1.62981 
1.3133 1.29463 0.860327 
0.781795 1.46474 1.49997 
1.531 0.589945 0.663422 
1.49301 0.6027 1.39689 
1.58724 1.13534 1.34059 
1.08096 0.931578 0.804139 
1.71349 0.645792 0.666509 
0.903079 1.26986 0.941558 
1.05549 1.5213 1.03812 
1.28459 1.55583 0.633855 
1.04948 0.914278 0.636766 
1.38713 1.70913 1.38717 
1.18863 1.396 0.959341 
1.71757 0.919809 1.07968 
1.65179 1.54378 0.889017 
0.667404 1.32071 0.68608 
1.35076 0.845394 0.704213 
1.26648 0.643959 0.895962 
1.02806 0.616582 0.872287 
1.35561 0.894546 0.767171 
1.64134 1.45315 0.840721 
0.94339 1.64543 0.671875 
1.16858 1.07181 0.867166 
1.72217 1.00441 1.13615 
1.41699 1.11089 1.45669 
1.46364 0.805826 1.45213 
1.37345 1.34967 1.02833 
0.740217 1.10771 1.08904 
0.876768 0.637899 1.66541 
1.50134 1.64039 1.71676 
0.93326 1.25457 1.68583 
1.30362 0.6861 1.09276 
0.99341 0.887006 0.819711 
1.5571 1.33681 0.801192 
1.47018 0.847967 1.35034 
0.705886 0.875449 1.35778 
1.10495 0.763651 1.61364 
1.65963 1.39297 1.32179 
1.6266 0.77785 0.933947 
0.688404 0.992674 0.798702 
0.975435 1.38991 0.885545 
1.29388 0.757766 1.44845 
1.57191 1.48278 1.43638 
0.787212 1.10828 1.30415 
0.876663 1.44022 1.63125 
1.30348 1.38603 0.620983 
0.793508 1.59557 1.31068 
1.52424 1.60854 0.973335 
0.735609 1.58042 1.0103 
1.17586 1.27557 1.50565 
0.878914 1.06656 1.44462 
0.766036 1.65927 0.77864 
1.12124 0.727923 1.64518 
0.679082 1.43384 0.756964 
1.3663 1.24943 0.986558 
0.575526 1.37039 1.41635 
1.35192 0.910402 0.996905 
1.56381 0.687474 0.801578 
1.52262 1.69697 1.14618 
0.964003 1.49092 1.01286 
0.954858 1.13111 1.51958 
1.01033 1.3182 0.730448 
0.737122 0.918999 1.34792 
1.32617 0.815339 1.47931 
0.911803 1.63665 0.973931 
1.34917 0.593997 0.814275 
1.16827 0.849587 1.42014 
0.950461 1.29537 0.853067 
1.7011 1.30457 1.00648 
1.22553 1.56862 1.71459 
0.721926 1.49381 1.09308 
0.944903 1.40971 1.25515 
1.48632 1.46482 1.41807 
0.804025 0.90117 0.725117 
0.745458 1.6653 1.29486 
1.2759 1.64099 0.607479 
0.682178 1.18114 0.989539 
1.16781 0.923016 0.594783 
1.53166 1.52105 0.816274 
1.02377 1.45837 1.18764 
1.26444 0.770169 1.02146 
1.69379 1.39449 1.08655 
0.796674 0.867944 0.879723 
1.31523 1.26289 0.865623 
1.29082 0.894018 1.42312 
0.915004 0.860545 1.46595 
1.6508 1.64803 0.839002 
0.594696 1.39512 1.24996 
0.662866 1.30305 1.59895 
1.1943 1.14816 1.31257 
1.42786 1.64937 0.99252 
1.28938 1.27089 0.886597 
1.30651 1.57485 1.71403 
0.820347 1.04172 1.41467 
1.31755 1.70423 1.48415 
1.39293 1.1353 0.841317 
1.66421 0.997889 1.64546 
1.51355 1.54233 1.33516 
1.25033 0.721369 0.631715 
1.54939 1.41968 1.15358 
0.95032 1.10098 1.24677 
1.12075 0.666157 1.15453 
1.53803 0.814071 1.19476 
1.16187 1.03629 1.70059 
1.53596 1.04951 1.53045 
0.639264 1.34245 1.68092 
1.07713 1.48916 1.48854 
1.42846 1.14161 0.900171 
0.710213 0.955009 1.20177 
1.11273 1.12878 1.43905 
0.938853 1.69475 1.69238 
1.50982 0.693428 1.19465 
1.67796 1.01054 0.79074 
1.09609 1.15997 0.817397 
0.84803 1.39199 1.10949 
1.11923 0.723801 0.952115 
1.6157 1.10609 0.770783 
1.35427 0.73874 1.34231 
0.832623 0.666826 0.636906 
1.5031 1.34386 1.26578 
1.62945 1.53821 1.31352 
0.981134 1.12952 1.26368 
1.30893 0.747196 1.14334 
0.813875 1.4751 1.54104 
1.04614 1.38529 1.56103 
0.823653 1.12804 0.705721 
1.20594 1.47732 1.66948 
1.20031 1.48729 0.858117 
1.28895 0.935207 1.46858 
0.704268 1.03971 1.47752 
1.22465 0.770275 0.791267 
1.71732 1.41887 0.836442 
1.3618 1.27384 0.650024 
1.71468 1.1044 1.00441 
1.46262 0.980342 1.61298 
1.29676 0.733032 1.70434 
0.972727 1.64828 0.728028 
1.22761 0.608267 1.10388 
1.65207 1.16212 0.743882 
0.864738 1.52151 1.09153 
1.38984 1.56717 1.02349 
1.1205 1.03961 1.18543 
1.31048 0.939858 0.80228 
1.18396 1.48222 1.03948 
1.61739 1.32529 0.981753 
0.720238 1.05603 1.19458 
1.13573 0.72676 1.51572 
1.6438 1.67376 1.71627 
0.733041 0.987847 1.46967 
0.727448 1.62911 1.12033 
0.639826 0.926469 0.915954 
1.18709 1.51788 1.12289 
1.66864 0.757027 1.10055 
1.15423 1.05236 1.69901 
1.42157 1.02016 0.774045 
0.832271 1.43518 1.11342 
0.764981 1.60234 1.55816 
1.09257 1.64166 1.17859 
0.698569 1.17212 0.652725 
0.912893 0.594103 1.09003 
1.03013 0.995528 0.837529 
0.637012 0.887112 0.821851 
0.635746 1.48363 1.15498 
1.71338 0.922311 1.53161 
1.15856 1.10416 1.01574 
1.2517 1.58581 1.37002 
0.801035 1.52845 0.746407 
0.622766 1.39653 1.01528 
1.69804 1.19365 1.4253 
1.44823 1.01371 0.846192 
1.59153 1.07227 0.983752 
1.40173 0.687192 0.84521 
1.16918 0.828235 1.54479 
1.35347 0.59368 1.20573 
0.943742 1.1464 1.07898 
1.02116 1.41101 0.946924 
1.62442 0.630077 1.71932 
1.5076 0.736732 0.882739 
0.645877 0.604391 1.22892 
0.788935 0.585118 1.14267 
1.06207 0.63205 0.739953 
1.40317 1.53056 1.42656 
1.10762 1.18692 1.38566 
1.45917 1.10007 0.659915 
1.40324 1.45604 1.38117 
1.54735 1.66223 0.681626 
0.905049 1.21479 1.10714 
1.37858 1.09616 0.793652 
1.37848 1.42574 1.08943 
0.726886 1.24002 0.703231 
0.704127 1.3256 0.953869 
1.16355 0.678348 1.2769 
0.727062 0.61771 0.75714 
1.47869 0.900994 1.7142 
1.36922 1.22015 0.727537 
1.68872 1.32726 1.02602 
1.19293 1.49646 0.73136 
1.61412 1.71498 1.10009 
1.62358 1.59719 0.764821 
1.18649 1.65043 0.711158 
0.750699 0.973471 0.900767 
0.936672 0.58022 0.928335 
1.20527 0.633636 1.58103 
1.2905 0.622255 0.578929 
1.1257 1.63623 1.59313 
1.0015 0.63131 1.61477 
1.05349 1.49832 1.18157 
1.3122 1.5659 1.32127 
0.836 1.19601 1.44031 
1.69794 1.33558 1.31204 
0.705816 0.62828 1.42666 
0.956863 1.47091 1.4179 
0.735715 0.600445 1.58422 
1.31952 1.65325 1.63055 
0.578234 0.965931 0.929598 
1.14224 1.61844 1.04443 
1.20383 1.40534 0.888561 
1.5979 1.7203 1.3387 
1.23978 1.41253 0.815152 
1.22617 1.01646 1.37668 
0.668248 1.67879 0.72417 
1.31175 0.637124 1.63921 
1.59097 0.923262 0.81894 
0.748167 1.68954 1.33824 
1.11955 1.44138 1.69347 
0.6947 1.22258 1.22096 
0.736278 0.827918 1.71024 
1.68633 1.18061 1.30882 
1.48879 1.51517 1.66811 
1.4064 0.843809 1.23425 
0.849683 1.08316 0.713438 
0.892316 1.30897 0.899996 
0.680489 1.01283 1.64076 
1.23763 1.11779 0.68843 
0.83913 0.59516 1.65714 
0.979375 1.61449 1.46476 
1.50841 1.58532 1.18111 
0.587169 0.585646 1.2702 
1.16158 0.782677 1.24158 
1.66336 0.759916 1.59719 
1.5948 1.72224 1.49067 
1.44014 0.846945 0.931702 
1.52635 0.582193 0.736657 
0.984053 0.875661 0.885685 
1.66885 0.769288 1.29447 
0.900054 0.64551 0.994029 
1.46416 1.69345 1.05316 
0.680102 1.17346 1.32495 
1.18888 0.575922 1.26497 
1.4998 1.467 1.51782 
1.63701 0.720735 0.617791 
1.34562 1.21324 0.96376 
1.35072 1.34484 1.06765 
1.15448 1.44896 1.64107 
0.881869 0.862906 1.11577 
1.23616 1.30418 1.37311 
1.54264 1.5343 1.27522 
1.11737 1.16328 1.47265 
0.694665 1.33554 1.45567 
1.64127 0.797264 1.67548 
1.24168 0.693781 1.13601 
1.71852 1.53546 1.555 
0.621711 0.640577 1.10991 
1.57078 1.37701 0.720067 
1.47982 1.2286 0.995712 
1.19419 1.29735 1.08077 
0.875009 0.731623 1.23151 
0.808528 1.10134 0.831742 
0.58534 1.04789 1.50656 
0.813136 0.791873 1.22064 
1.40229 0.853393 1.71392 
0.0676276 0.0936333 0.453575 
-0.381281 0.0111143 -0.471077 
-0.390744 -0.44429 -0.141839 
0.111632 0.183728 -0.51057 
0.343122 0.429558 0.487772 
-0.0493659 -0.339785 0.569459 
-0.129636 0.388193 -0.469674 
-0.571827 -0.266709 0.386514 
-0.345262 -0.0530475 -0.451681 
0.265208 -0.1646 -0.0875094 
0.559099 -0.386682 -0.5031 
-0.411954 0.463207 -0.085896 
0.20548 0.366876 -0.371678 
-0.402668 -0.11351 0.207953 
-0.0341349 0.381886 0.185821 
0.512245 -0.182323 0.397282 
-0.268579 0.271637 0.298829 
-0.00462274 0.566549 0.0345126 
0.140441 0.390518 0.277925 
-0.252223 0.264591 0.113709 
-0.415437 0.349047 -0.443264 
-0.450823 0.2104 -0.0742164 
-0.247298 0.0853885 -0.392021 
0.219972 -0.193915 -0.0504012 
0.138612 0.493685 -0.242817 
-0.108566 0.115725 0.110939 
0.373302 0.0714004 0.271928 
-0.302031 0.22467 -0.00785663 
0.123486 0.347074 0.421132 
0.256766 0.545655 -0.224648 
0.419699 -0.40296 -0.488088 
0.0463113 -0.236865 -0.400684 
-0.220178 0.426528 0.508782 
0.32279 0.522084 0.175334 
0.000161115 0.480366 -0.444491 
-0.00933625 -0.140323 0.120654 
0.233937 0.414865 -0.00505072 
0.0552107 0.146555 -0.42485 
0.123416 -0.517225 0.397387 
0.249801 -0.435764 -0.326082 
0.13738 -0.157412 0.351195 
0.338021 0.14578 -0.419203 
-0.0888679 0.0509644 -0.448981 
-0.254333 0.32988 -0.161094 
0.413402 0.0444461 -0.482546 
-0.472843 -0.313042 0.494577 
-0.51428 -0.121578 0.386023 
0.217405 -0.576772 -0.117918 
-0.287891 -0.07898 0.505309 
0.0827179 -0.139583 -0.481599 
-0.507209 0.216566 0.211846 
0.257012 0.421137 -0.477917 
-0.514209 0.551716 0.484054 
-0.32996 0.02024 0.461256 
0.319484 0.313989 -0.0513482 
-0.450507 0.564224 -0.358595 
0.133019 -0.355887 0.178666 
0.479919 0.152898 0.507659 
0.0363566 -0.17739 -0.350283 
0.0989337 -0.401798 0.118374 
0.206958 0.101949 0.430637 
-0.368372 -0.0714046 -0.519093 
-0.112119 0.259235 -0.119392 
-0.134631 0.265295 0.273681 
-0.26777 -0.157095 0.466763 
0.172802 -0.477375 -0.544171 
0.221731 -0.503449 -0.347758 
0.172873 0.0478638 -0.0428253 
0.0300251 -0.152162 0.354527 
-0.224012 -0.210122 -0.0706038 
0.292328 0.391082 0.570021 
0.413367 -0.253637 -0.126547 
-0.0567176 -0.117773 0.352913 
0.103858 -0.0481499 0.0780393 
-0.185952 -0.187431 -0.148889 
0.254339 -0.370474 0.3204 
0.45716 0.398199 -0.36298 
-0.293061 -0.384427 -0.482476 
-0.438301 -0.0357122 0.260283 
0.164501 -0.498516 0.388022 
0.316494 -0.314311 -0.252322 
-0.406959 -0.179328 -0.09968 
0.0464168 0.17735 0.0789863 
-0.282298 -0.0199976 0.239169 
0.398382 0.162798 0.303775 
0.469824 -0.457503 -0.0845632 
0.175827 -0.47808 0.352036 
-0.526099 0.54784 0.474479 
-0.557686 0.173298 0.373221 
0.0524318 -0.333795 -0.182454 
-0.463803 -0.407576 0.571704 
0.134039 -0.247189 0.0539435 
0.0481404 0.19155 -0.0638345 
0.557868 0.468633 0.00487519 
0.44309 -0.29088 0.505485 
0.157255 0.046842 0.568583 
-0.523918 -0.197967 -0.10431 
0.200098 0.0043141 -0.570933 
-0.433763 0.44707 0.0151518 
0.52118 -0.452253 -0.0534527 
0.2956 0.499005 -0.333307 
-0.445547 0.215192 0.193573 
-0.146063 -0.345775 -0.367855 
0.524697 -0.230805 -0.522987 
0.433523 -0.0895151 -0.00740067 
0.0628086 0.45017 -0.0119603 
0.289479 0.332593 -0.517235 
0.229646 0.0570952 0.339761 
-0.026537 -0.580788 -0.323592 
0.190988 0.22393 0.552133 
-0.0322003 -0.465184 0.478899 
0.356066 -0.304692 -0.266562 
0.393317 0.393548 -0.376694 
-0.0641396 0.137535 0.0244815 
0.535285 -0.412438 -0.37964 
0.243997 0.356517 -0.432882 
0.167033 -0.544638 -0.567425 
-0.401472 -0.30138 -0.330782 
-0.31888 0.401899 0.563707 
-0.319478 -0.158187 -0.118865 
0.454241 -0.437384 -0.064045 
0.0635824 -0.562748 -0.268806 
0.0651653 0.328259 0.273716 
-0.558812 -0.196311 0.306405 
-0.554098 -0.00400122 0.368977 
-0.278112 0.281996 -0.028445 
-0.139802 0.107304 0.494471 
-0.570349 -0.0767603 0.11613 
-0.537003 0.500414 0.123565 
-0.112822 -0.489355 0.322048 
-0.332739 0.427761 0.259547 
-0.362146 0.0813013 -0.508045 
-0.386206 -0.0104139 -0.484616 
0.0122615 0.485827 -0.0293569 
0.0500751 0.343762 -0.210584 
0.505316 0.312862 -0.545469 
0.411925 -0.336121 0.319909 
0.31871 -0.301661 -0.489105 
0.24252 -0.237817 -0.421272 
-0.168329 0.457147 -0.367609 
0.0758235 0.185877 0.510255 
0.0611553 -0.498058 -0.129879 
-0.0622049 0.552139 -0.263089 
0.11019 -0.316319 0.513552 
-0.308187 0.455033 0.0415975 
-0.180676 -0.328616 0.351335 
-0.270655 0.251519 -0.525126 
0.384136 0.11562 0.159446 
0.418503 0.326216 -0.527687 
-0.50327 0.00293996 -0.153764 
-0.192987 -0.522933 -0.496927 
0.324971 -0.278407 0.0704283 
-0.458738 -0.196381 0.221807 
0.419065 0.572363 0.107431 
0.546295 -0.305784 0.337481 
-0.144621 -0.520643 -0.160954 
-0.324192 0.519089 -0.25162 
-0.246559 -0.45856 0.196028 
-0.0156327 -0.246238 0.428147 
0.116416 -0.408457 -0.122583 
-0.107546 -0.282881 -0.358911 
-0.527084 0.528003 0.530106 
-0.110888 0.178513 -0.250743 
-0.524973 0.520216 -0.0998905 
0.349805 -0.126406 0.371152 
-0.354126 0.567113 -0.0948398 
0.429724 0.516235 0.122969 
-0.407698 -0.215478 -0.193678 
-0.417336 -0.0748576 -0.452769 
-0.57348 -0.457644 0.4628 
-0.233158 -0.103327 -0.128932 
0.265103 0.287669 -0.162813 
-0.10329 0.472755 -0.398825 
-0.268122 -0.19469 0.531404 
0.470351 -0.036734 0.500399 
0.365986 0.336152 -0.243378 
0.0144423 0.481599 0.373151 
-0.139521 -0.0835605 -0.490368 
-0.107476 -0.464339 0.0300232 
-0.269037 -0.409761 -0.322504 
-0.354056 0.522859 -0.237801 
0.479954 -0.282776 0.462554 
-0.167696 -0.199094 -0.139278 
-0.274102 0.34422 -0.0168005 
-0.26063 0.470289 -0.251585 
-0.524164 -0.115553 0.122758 
-0.0613256 0.153038 -0.205287 
-0.354267 0.276288 -0.481459 
0.0323818 -0.2301 -0.422465 
0.00445252 0.476385 0.236363 
-0.184721 0.0153777 0.0610285 
0.509185 -0.0607286 -0.156324 
-0.440728 -0.258746 -0.151835 
-0.0473257 0.0946903 0.0647112 
-0.367915 -0.534878 -0.10459 
-0.428592 0.349506 -0.215985 
-0.570103 -0.135108 0.44179 
-0.562892 0.171818 0.533859 
0.00139226 0.140284 0.0370379 
-0.203716 0.091026 -0.437091 
-0.296825 0.214276 -0.0546452 
0.155601 -0.156179 0.529791 
0.144873 0.402533 -0.159656 
0.321348 -0.380058 -0.100557 
0.0452912 -0.321921 0.194169 
-0.202168 -0.226612 -0.258424 
-0.281348 0.0910964 -0.187786 
0.225495 0.249334 0.416993 
-0.546465 -0.178165 -0.550099 
0.280263 0.38252 0.0429303 
-0.133154 -0.394927 0.272629 
0.0744516 -0.273368 -0.0153975 
0.124471 0.571024 -0.322575 
-0.414206 0.159803 0.277084 
-0.35191 0.566444 0.0532771 
0.127989 -0.406378 -0.110974 
0.374674 -0.126018 -0.0573809 
-0.194992 0.283829 0.569775 
-0.45726 -0.270373 -0.275786 
0.431131 -0.313853 -0.183401 
0.13432 -0.30973 0.246183 
0.0069148 0.445343 -0.457118 
0.117401 -0.447109 -0.529195 
0.520406 -0.418886 0.185821 
0.463914 0.444603 0.456627 
-0.379698 0.192078 0.553571 
-0.514842 0.542907 -0.440914 
0.510451 -0.332492 -0.339691 
-0.13245 0.146414 0.269788 
0.547843 -0.085287 -0.0128371 
-0.461235 -0.0576632 0.40854 
0.138295 -0.288308 0.233101 
-0.0266426 -0.057029 -0.201499 
0.268444 -0.365471 0.163339 
0.389624 -0.0278197 -0.134859 
-0.163686 0.293236 -0.481354 
0.302388 -0.0218651 -0.176281 
-0.118978 0.102125 0.344916 
-0.0939332 0.552597 -0.364348 
0.411573 0.364868 -0.117954 
0.459834 0.0251729 0.162217 
-0.249268 -0.250395 0.364523 
-0.317051 0.496081 0.0872988 
-0.361337 -0.224745 0.250533 
-0.157108 0.310818 -0.221772 
-0.204806 0.0873263 0.239625 
-0.242233 0.569791 -0.0300935 
-0.366156 0.00811941 0.237169 
0.521039 -0.318609 0.543189 
0.123697 0.387312 0.409522 
-0.457823 0.0929286 -0.195782 
0.26454 0.432024 -0.33948 
-0.0755013 0.381956 -0.118655 
-0.526978 0.017985 -0.243202 
-0.037547 0.0939504 0.207707 
0.530818 -0.523215 0.105011 
-0.255775 0.436076 -0.509764 
-0.168681 -0.33753 -0.505871 
0.0733964 0.074642 -0.351405 
0.462085 0.340556 -0.349581 
0.390046 0.21558 0.433373 
-0.290353 0.158042 -0.264317 
0.427683 0.251906 0.138892 
0.107517 -0.529029 0.0572405 
0.493743 -0.430725 0.299987 
-0.563314 -0.574552 0.281748 
-0.449698 -0.212483 0.0724976 
-0.309488 0.141869 0.297812 
-0.379628 0.554711 -0.491911 
-0.216379 0.0803499 0.480898 
0.410377 0.567818 -0.0413171 
-0.189786 0.506087 0.316016 
-0.531199 0.223719 0.264492 
0.00561331 0.486109 0.503871 
0.560154 0.116359 0.256635 
-0.00247704 -0.400036 0.399246 
-0.58055 0.0515634 -0.488334 
-0.341357 0.313003 0.0429654 
0.124471 0.5193 -0.176948 
0.271997 -0.456164 0.507133 
0.152823 0.296442 -0.399176 
-0.0946015 0.291087 0.219177 
0.156762 -0.371285 -0.538559 
0.548757 0.0777426 -0.118865 
-0.330031 0.10667 0.0938927 
-0.552445 -0.48858 0.112903 
0.187048 -0.494394 -0.451892 
0.236821 -0.532411 0.131281 
0.049055 0.525501 0.180595 
0.392402 -0.017954 -0.552133 
-0.247544 -0.478045 -0.328572 
-0.206389 0.230061 -0.519199 
0.0487032 0.038879 0.397492 
-0.402809 -0.143177 -0.007085 
0.055879 -0.152972 -0.397808 
-0.338438 0.229462 -0.246008 
-0.0400092 -0.55697 -0.194134 
0.393598 0.0523738 -0.0282346 
0.169953 0.0562496 0.338182 
-0.496199 -0.0772888 -0.00305151 
-0.419025 -0.0959982 0.301425 
-0.512028 -0.101107 0.47974 
0.069105 0.114492 -0.0568899 
0.0808184 0.532337 -0.534491 
-0.420467 -0.558661 0.42036 
0.0771601 -0.387739 -0.19203 
0.295951 0.0176679 0.162532 
0.311569 -0.321992 -0.0403701 
-0.203434 0.571412 -0.490157 
0.211952 0.242957 0.421377 
0.171114 -0.428153 0.148292 
-0.0711043 -0.343379 0.357964 
0.144978 -0.294262 0.374063 
0.532647 0.415958 -0.106555 
0.489698 0.3667 0.169793 
0.273298 0.264097 -0.235135 
-0.0380394 -0.0957868 0.232084 
0.00286962 0.144758 -0.261721 
-0.0651245 -0.123728 -0.311281 
-0.197032 -0.569055 -0.175089 
0.317233 0.259904 -0.525968 
-0.438652 -0.511976 -0.00469998 
0.372106 0.526735 0.0330746 
-0.0832047 0.119883 -0.367925 
0.524416 0.0517748 -0.33706 
-0.392537 0.0227417 -0.28466 
-0.118662 0.572645 -0.504327 
0.378719 -0.579907 0.221456 
0.273509 -0.194267 -0.418677 
-0.286906 0.3667 -0.0637293 
0.217088 0.0120304 0.286448 
-0.0594613 -0.148603 -0.571003 
-0.215148 0.454856 -0.15408 
0.309001 -0.503977 0.563988 
-0.515229 -0.0719684 0.223385 
-0.106772 0.339041 -0.146188 
0.181104 0.0573771 -0.394651 
-0.245997 0.245952 0.38946 
0.181702 -0.377098 0.0846683 
-0.366684 -0.0545978 0.364102 
-0.064421 -0.345951 0.440843 
0.36588 0.185208 -0.297146 
-0.067235 -0.0487841 -0.494051 
0.417025 -0.470646 -0.371608 
-0.0324113 0.40581 -0.163865 
-0.466124 0.352923 -0.205919 
-0.31983 -0.101178 -0.296024 
-0.527822 -0.218438 0.501732 
0.56325 0.128903 -0.320049 
0.238756 -0.579132 -0.0491035 
0.114552 -0.566237 -0.298409 
-0.137762 0.434878 0.0751632 
0.388076 0.232668 -0.475391 
-0.189646 0.306026 0.0345477 
0.360076 0.293025 -0.261686 
-0.169877 0.252717 0.18989 
0.364262 0.00427887 0.065062 
0.47014 0.260362 0.0502959 
-0.33091 0.412998 -0.309457 
-0.30481 0.284745 0.238783 
-0.374211 -0.363744 0.352773 
0.488607 -0.455565 0.195677 
0.00156813 0.223331 0.439476 
0.404432 -0.397675 0.160989 
0.156938 0.487061 0.416923 
0.283992 -0.287955 -0.300934 
-0.127807 0.346933 -0.5414 
-0.461903 -0.142331 -0.413346 
0.410447 -0.275412 -0.295778 
-0.418743 0.0568486 0.230576 
0.392121 -0.309871 0.0514533 
0.365141 -0.203076 0.35137 
0.27467 0.170339 -0.439195 
0.36377 0.195355 -0.444561 
0.0570398 0.0204867 0.227489 
0.559275 -0.464515 -0.514113 
-0.00873827 0.166745 0.168109 
-0.19559 0.0177032 -0.399632 
0.361237 -0.538824 0.184383 
0.376644 0.343058 -0.561252 
0.408161 0.449571 0.156114 
-0.564932 0.362895 -0.337691 
-0.0581949 -0.527197 0.131422 
0.363031 0.119777 -0.347863 
-0.151234 -0.225696 -0.350914 
-0.24262 0.268149 0.0799684 
0.485441 -0.330976 -0.160989 
-0.423316 0.330091 -0.304617 
-0.407874 0.115338 0.0272874 
-0.36292 -0.0784163 -0.261195 
-0.20354 0.419234 0.381253 
0.125843 0.328541 -0.0859311 
0.566591 0.11414 0.00936464 
-0.345719 0.55013 0.0881406 
-0.130797 0.284569 -0.0813013 
0.191164 -0.536675 -0.0829147 
-0.206389 -0.0960687 -0.271542 
-0.0645617 -0.0199624 0.190591 
-0.399397 0.158324 0.0788811 
-0.22563 0.210365 0.397317 
0.304991 -0.548655 -0.235661 
-0.292217 0.503163 0.0791266 
-0.0146126 0.00311613 -0.160253 
0.190777 0.395345 0.563742 
0.423462 -0.312584 -0.0917533 
-0.52346 0.076298 0.390267 
-0.501546 0.0550869 0.37031 
-0.353176 0.0846133 0.1283 
0.334468 0.114104 -0.435618 
0.385543 -0.349263 -0.541576 
-0.561133 0.470148 0.0321276 
0.499406 -0.343344 0.423657 
-0.0921744 -0.150541 -0.0327591 
0.509748 -0.031484 -0.0250428 
0.397362 -0.263467 -0.452558 
0.569546 -0.374139 -0.195782 
0.339639 0.416239 -0.225174 
-0.0704712 -0.159667 -0.0365471 
0.400704 -0.316707 -0.0135386 
0.244068 -0.487699 -0.257372 
-0.291197 -0.0814817 0.307422 
0.503486 0.415006 -0.287325 
0.100517 0.091026 -0.213109 
0.0433214 0.556331 -0.46515 
-0.369568 0.00174199 0.498645 
-0.488848 -0.254447 0.567916 
0.201892 -0.0294757 -0.107151 
-0.359086 0.335517 -0.525757 
0.420683 0.232316 0.127634 
-0.0339591 -0.519375 -0.36077 
-0.0431047 0.06157 0.240501 
-0.476009 0.246269 -0.398685 
-0.349975 0.137571 -0.556307 
-0.113772 -0.0959982 0.000455879 
0.360885 0.52603 0.124442 
0.143818 0.0530785 0.0991187 
0.315861 -0.294826 -0.0396336 
-0.539571 0.533077 0.212021 
0.129185 -0.066507 -0.535543 
-0.255705 0.467823 -0.365575 
-0.289087 0.110546 0.277785 
-0.0776821 -0.182816 -0.0185892 
-0.381739 -0.0957164 -0.284484 
-0.449698 -0.492491 0.013328 
-0.202414 0.0900042 -0.245552 
-0.355076 -0.398803 -0.415029 
-0.383638 -0.428681 0.290061 
0.214133 0.129361 -0.33927 
-0.209098 0.118016 0.439721 
0.457618 -0.186762 -0.0161341 
-0.20565 0.390236 -0.419554 
0.506582 -0.117914 0.381288 
0.233902 0.570918 0.549958 
-0.271253 -0.567153 -0.353264 
-0.121898 -0.314275 -0.102311 
-0.558812 -0.300005 -0.431619 
0.0154624 0.262195 -0.218405 
-0.341217 -0.409866 -0.39167 
0.264891 0.390941 0.129843 
0.138471 0.26977 0.363611 
-0.522264 0.00456074 0.549643 
0.105898 -0.549007 0.13514 
0.535004 0.359019 -0.427726 
0.482452 0.00512449 0.440352 
0.283992 0.266 0.160077 
-0.526978 0.367017 0.526845 
-0.503797 0.248947 0.179613 
-0.0028288 0.00498355 -0.0410716 
0.209912 -0.116646 0.528914 
-0.0535166 -0.291091 0.36561 
-0.176736 0.291968 -0.338182 
-0.07325 0.0122418 -0.2895 
0.0400501 -0.0893389 -0.574756 
0.121446 0.252399 -0.049314 
0.182581 -0.459159 -0.548555 
-0.563596 -0.0150296 0.116059 
-0.0157734 -0.061997 0.19487 
0.118702 0.371844 0.528563 
-0.195872 0.235734 0.425727 
-0.502566 0.533535 -0.320154 
0.491245 0.194545 0.493595 
-0.0762751 0.147683 -0.242396 
-0.456522 -0.284502 0.0679731 
0.08314 -0.482625 0.116656 
-0.141385 0.234923 0.435337 
-0.0844006 0.187709 0.257302 
0.190847 0.218328 -0.420781 
-0.0661798 -0.0088988 -0.487948 
0.0571805 -0.558696 -0.122408 
0.45315 0.558798 0.246745 
0.512069 0.526805 0.146223 
-0.497325 0.239363 0.273471 
0.491562 0.531104 -0.0344426 
0.265314 -0.2789 0.212758 
0.388533 -0.198213 0.324784 
0.202912 -0.437279 -0.56013 
0.335207 0.520146 0.494015 
-0.266398 -0.293769 0.358876 
0.0154273 -0.503132 0.177263 
0.56835 -0.209805 -0.399772 
-0.464753 0.350774 0.163023 
-0.406678 0.112836 -0.210478 
0.524908 0.215192 -0.0104521 
-0.262599 0.390236 -0.0561534 
-0.468692 0.315152 0.480793 
-0.0118337 -0.138209 -0.236117 
0.451216 0.182882 0.354702 
-0.348498 -0.517402 -0.0535579 
-0.453778 -0.216112 -0.297216 
-0.373894 -0.324987 0.137034 
0.320504 0.282314 -0.506537 
0.241007 -0.222314 0.499417 
-0.133294 -0.456552 0.546205 
-0.028542 -0.025318 0.517305 
0.56128 0.383471 0.346004 
-0.262846 -0.581493 0.506817 
-0.0964306 -0.148779 -0.320119 
0.388955 -0.133276 -0.145627 
0.407669 -0.00206333 0.318892 
0.145998 0.23369 0.19224 
0.14424 -0.559648 -0.0312509 
-0.451245 -0.0124575 0.240957 
0.280756 -0.460392 0.356421 
0.0548589 -0.478115 -0.0552064 
0.397397 0.12767 -0.319102 
0.534546 -0.131515 -0.551852 
0.336087 0.207652 0.474655 
0.164747 0.18556 0.200693 
-0.0147533 0.320789 -0.363436 
0.384629 -0.475896 -0.186628 
-0.0318837 -0.0702419 0.0379499 
0.261479 -0.438758 0.383568 
0.350825 0.550764 -0.253795 
-0.45522 0.537551 -0.386865 
0.180119 -0.454332 -0.201955 
0.340483 -0.153395 0.101223 
-0.400135 -0.292465 -0.516112 
0.436723 0.184714 0.285466 
-0.2206 0.504748 -0.159235 
-0.418743 0.471064 -0.526634 
0.19134 0.487096 0.176457 
-0.499858 0.425647 0.231172 
-0.0150347 0.175941 -0.345969 
0.124084 0.300847 -0.511167 
-0.298408 0.417684 -0.480793 
-0.456944 -0.0955754 0.514604 
0.339006 -0.473993 0.209496 
0.124014 0.0446927 0.416292 
-0.291689 -0.325092 0.334394 
-0.498802 0.0227417 0.0881055 
0.509642 0.400314 0.47946 
0.323423 0.42237 0.316226 
0.41305 -0.256808 -0.152326 
-0.0330093 0.155329 0.114306 
0.0968584 0.234782 -0.225806 
0.55034 0.317372 -0.276417 
-0.0874609 -0.111713 -0.112026 
0.0314321 0.372549 -0.39188 
-0.496622 -0.466171 -0.528844 
0.0102213 -0.287532 -0.392582 
0.316037 0.134963 -0.312087 
-0.406115 -0.561304 -0.326012 
-0.254861 -0.0757032 -0.569074 
-0.322046 0.0839791 -0.17337 
0.429407 0.395627 0.197957 
-0.027733 -0.476776 -0.291183 
-0.347443 0.0379982 -0.0896489 
-0.0895011 0.125873 0.129072 
0.256133 -0.173338 -0.0196765 
-0.320041 -0.378437 0.54824 
-0.136284 0.515706 -0.329098 
-0.344066 0.261525 0.569214 
0.493778 -0.0876477 0.1021 
0.10129 -0.486818 0.22535 
0.534652 -0.0155229 -0.0563638 
-0.400522 -0.0400812 -0.0563287 
0.375589 0.343868 0.392792 
-0.510234 -0.282635 -0.382621 
-0.138114 0.228264 0.351195 
-0.514174 0.15931 -0.536315 
0.0891901 0.430051 -0.11157 
0.395287 -0.353068 0.202341 
-0.0623808 0.0953246 -0.103784 
0.0273517 -0.566659 -0.079723 
-0.404638 -0.274531 -0.0823886 
-0.277408 0.202155 -0.292376 
0.522376 -0.174536 -0.539612 
-0.363553 -0.333619 -0.439265 
0.0784616 0.221358 -0.334465 
0.359126 0.305709 0.0532771 
-0.0663205 -0.0410326 0.534596 
-0.150003 -0.517895 0.470691 
-0.147752 0.321494 -0.0890176 
-0.256549 0.547347 0.0420184 
-0.22658 0.346652 0.0725327 
0.463668 0.428466 -0.350914 
0.173084 0.26674 0.175124 
0.0746275 -0.0242962 -0.158885 
0.418151 -0.413707 0.323346 
0.548159 -0.455072 0.153378 
0.105793 -0.00590388 0.380025 
0.144978 0.361027 0.0519093 
0.131541 0.405528 0.205673 
0.197777 0.242252 0.114095 
0.504401 -0.142754 0.300443 
-0.335166 0.502 -0.573774 
-0.291549 0.53357 -0.278311 
-0.411849 0.111603 -0.407453 
-0.289157 0.203987 -0.138121 
0.266615 -0.481322 0.458942 
0.151099 -0.0170379 0.063168 
0.567084 0.293729 0.32054 
-0.118521 -0.153783 0.464729 
-0.52142 -0.213012 0.482406 
-0.102551 -0.334993 -0.122969 
0.43996 -0.357473 0.369398 
-0.371362 -0.190814 0.0430356 
-0.108074 -0.407259 0.478092 
-0.150003 0.323397 0.224543 
0.462859 -0.158856 0.161375 
-0.0444062 -0.304727 0.426954 
-0.157003 -0.357755 0.0364066 
-0.327955 -0.198883 0.312754 
0.262922 -0.285418 0.0343372 
0.324162 -0.0235915 0.179192 
0.513934 -0.346127 0.336393 
0.515868 -0.0656614 -0.0201676 
-0.454024 0.278191 0.0263404 
0.308122 -0.140041 -0.480302 
0.383433 -0.06996 -0.333132 
-0.0452856 0.306097 0.207883 
0.211847 -0.0795085 0.479705 
-0.19246 -0.576948 -0.296585 
0.404784 0.298416 -0.0875795 
0.0462409 0.544246 0.404963 
0.268268 0.105683 0.33955 
-0.554239 0.279178 0.478758 
0.0641101 -0.223547 0.480617 
0.46817 -0.0571699 -0.179824 
0.326835 -0.160477 -0.208479 
-0.111978 -0.382841 -0.17088 
-0.372839 -0.261811 0.393038 
-0.0413459 -0.0730959 -0.464624 
0.241113 0.438085 -0.483213 
0.549883 -0.414411 -0.375431 
0.254304 0.0835915 -0.0433865 
-0.0979784 0.449184 -0.245693 
-0.246172 -0.00178145 -0.239625 
-0.107018 0.308035 -0.450349 
0.00251787 0.425647 -0.247481 
-0.133611 0.457006 0.326187 
0.308192 0.263498 -0.46308 
0.0810646 -0.34352 0.173545 
0.446397 0.413139 -0.148222 
-0.31881 0.445132 0.373852 
-0.00923073 -0.488404 0.318821 
-0.247826 0.396649 -0.172704 
0.0370601 -0.340384 0.442878 
0.166119 -0.0856393 0.366382 
-0.492682 -0.0700657 -0.410645 
-0.420185 0.494777 0.40826 
0.457688 -0.522158 -0.115533 
-0.189786 0.452284 0.207357 
-0.366508 -0.358389 0.44386 
-0.231926 -0.472196 -0.119848 
-0.211208 -0.0372625 0.563251 
0.259791 0.327836 0.126441 
-0.0265019 0.157689 -0.365891 
0.322368 0.450064 0.380411 
-0.105365 0.395733 0.181121 
-0.527857 0.553196 0.244921 
0.215189 0.572469 -0.222263 
0.53029 0.40352 0.509167 
-0.460778 -0.0241201 -0.461046 
0.377805 0.222697 -0.144294 
-0.11627 0.041275 0.0830899 
0.425432 -0.529663 -0.437441 
-0.510094 -0.0752099 -0.155833 
0.076527 -0.0730254 0.333132 
0.0876073 -0.515182 -0.18256 
-0.483747 0.272941 -0.4769 
0.338303 0.505911 -0.0782148 
0.0889087 0.289783 0.0719364 
-0.199178 -0.185846 -0.0989786 
0.163657 -0.388514 0.390512 
-0.297775 -0.221538 -0.313946 
0.383468 0.569826 0.310754 
0.548968 0.320014 0.0763908 
0.514954 0.461727 -0.0501557 
-0.493667 0.326955 -0.435127 
0.411784 0.53956 -0.10424 
0.516853 0.293906 0.0220263 
0.515411 0.49601 0.456066 
0.0366029 -0.387281 -0.0647114 
-0.160239 0.191973 0.139103 
0.0133167 -0.557393 -0.438669 
0.141813 0.459613 0.00252524 
-0.464542 0.207863 -0.543049 
0.30763 0.487202 0.125775 
0.46416 0.162904 -0.560796 
-0.452828 0.110898 -0.215494 
0.237279 0.548228 -0.190276 
-0.245856 -0.309413 0.175825 
0.426312 0.311699 0.117077 
-0.143953 -0.343379 0.428708 
0.421844 0.156562 -0.36789 
0.23253 0.0588569 -0.438073 
-0.39004 0.32019 0.0578017 
0.468487 -0.208396 0.210443 
-0.103853 -0.399437 0.107151 
0.00592989 -0.201032 0.443088 
0.570355 -0.567998 0.145802 
-0.320428 -0.198812 0.51022 
-0.365663 0.272413 0.395809 
0.0710044 0.065481 -0.482897 
-0.539008 0.296231 -0.375782 
0.236329 -0.464233 0.300302 
-0.0659335 0.418565 -0.38192 
0.508376 -0.388197 0.0395633 
0.463246 0.159064 0.537402 
0.128551 0.0975443 -0.0465782 
-0.281102 -0.566131 -0.328677 
-0.481426 -0.0659433 0.427936 
0.330353 -0.570042 0.314437 
0.203229 -0.187995 -0.387146 
0.191973 -0.0788391 0.302196 
0.510768 0.450029 0.143698 
-0.43816 0.0938447 -0.174352 
-0.321448 -0.0474452 -0.226647 
0.486989 -0.0968439 0.259371 
-0.238856 -0.375513 -0.24208 
0.477527 0.499287 -0.348143 
-0.379558 -0.52836 -0.344566 
0.0477183 0.478851 0.540734 
0.349805 0.0567077 0.265193 
0.296444 0.558164 0.405805 
0.442176 0.134646 -0.12588 
-0.00743678 0.529659 -0.573037 
-0.464471 -0.0411735 0.388408 
-0.573058 -0.358671 0.532176 
-0.341568 0.155047 0.386654 
-0.246559 0.302996 -0.549362 
-0.112541 0.214276 0.386444 
-0.353247 0.0507883 0.530212 
0.159189 0.0362717 0.22058 
-0.312584 0.488752 -0.0978913 
0.554737 0.208357 -0.385111 
-0.298971 -0.491962 0.129984 
-0.496516 -0.126194 0.310649 
0.187681 0.142997 -0.381113 
0.550305 0.0743248 -0.200377 
-0.119857 0.547769 -0.336008 
0.467361 0.276218 -0.14489 
-0.0768379 -0.298702 -0.249901 
0.398699 -0.133981 0.12367 
0.0534519 -0.525048 0.211039 
-0.48635 0.0148492 0.162953 
-0.12946 -0.262904 0.211075 
-0.554942 -0.554715 -0.464343 
0.415759 0.0926115 -0.0378799 
0.333695 0.250603 -0.49391 
-0.368442 0.551857 0.207602 
0.533069 -0.0139726 0.42492 
-0.204419 -0.150893 -0.225981 
-0.0912598 0.365925 -0.155728 
-0.385538 0.180063 -0.00729545 
-0.245469 0.492804 0.33941 
-0.370025 0.539842 0.419729 
0.00279927 -0.130775 -0.257442 
0.183214 0.514755 0.443509 
-0.511923 -0.528113 0.37017 
0.386176 0.448303 -0.0962428 
-0.395914 -0.519199 0.0948748 
-0.172585 -0.492103 -0.0801439 
0.530747 -0.229431 -0.360735 
-0.312337 0.433927 -0.214196 
0.479215 -0.295495 0.422184 
-0.40717 -0.0658376 -0.0662546 
0.0128946 0.168471 -0.0822834 
-0.327498 0.479415 0.148082 
-0.200937 0.384599 -0.284169 
-0.311071 -0.027573 -0.448104 
0.463422 -0.554363 0.153518 
0.567224 -0.422374 0.194941 
-0.304142 -0.447356 0.28266 
0.123873 -0.443304 0.405314 
0.237279 -0.0250009 0.340217 
-0.468868 -0.284502 0.210373 
-0.358769 -0.318116 -0.17067 
0.504366 0.451051 -0.0707441 
-0.512662 -0.382066 0.251339 
0.569511 0.281433 0.0248673 
0.35276 0.0258423 0.124688 
0.476859 0.518208 0.45347 
-0.0384263 0.534733 -0.170354 
0.397433 -0.182957 0.0618702 
0.102803 0.478076 0.237836 
0.558606 0.546219 0.273787 
0.533808 -0.556794 0.547994 
-0.147752 -0.479243 0.114236 
-0.542174 0.247467 0.392231 
0.224158 -0.143741 0.0713753 
0.174913 -0.517719 -0.41054 
-0.0266074 0.0252081 -0.377079 
-0.0669184 -0.532799 0.523969 
-0.0887272 0.211316 0.00441923 
-0.100159 0.132321 0.299601 
0.0742406 -0.289928 0.355053 
-0.0882699 -0.267132 0.0456661 
0.354905 0.0216142 0.15201 
0.412241 -0.423713 -0.273401 
-0.428522 -0.0737301 0.311772 
-0.176701 0.141623 0.144715 
0.149024 -0.479595 0.321978 
-0.338438 -0.564686 -0.311526 
0.149692 -0.0057277 0.451506 
0.33679 -0.162908 0.175615 
-0.0703305 0.0612529 0.409417 
-0.286624 0.080808 -0.115288 
-0.347126 0.051493 0.415976 
-0.20055 0.168647 -0.181157 
0.247691 -0.262798 -0.383533 
-0.515792 -0.452429 -0.0468588 
-0.361548 0.384423 0.247692 
0.0342813 0.151277 -0.284169 
0.371227 -0.354161 0.317033 
0.0314321 0.41402 0.0206584 
-0.456416 0.312087 0.376518 
0.217545 0.270721 -0.390232 
0.0709341 -0.0899379 -0.063589 
0.102381 -0.426391 0.214407 
0.551536 0.264661 -0.375711 
-0.524973 0.239116 0.493524 
0.102135 -0.222243 -0.384971 
0.564094 -0.0999445 0.175615 
0.176671 -0.266744 -0.404332 
-0.555259 -0.027573 -0.549222 
-0.021718 0.538538 0.38476 
0.0289698 0.257967 0.191433 
-0.496657 0.507708 0.262914 
-0.218173 -0.21428 -0.21844 
0.276499 0.179781 -0.464168 
0.297605 0.551751 0.389846 
-0.513893 -0.203921 -0.289956 
-0.246841 -0.158011 -0.185857 
0.00135708 0.457041 0.427726 
0.47612 0.201451 -0.386444 
0.178958 -0.0386014 0.0837914 
0.0502861 -0.532165 0.233557 
-0.294539 0.291897 0.150993 
-0.457964 0.183763 -0.388408 
0.0475073 -0.158328 0.536385 
-0.474039 -0.16393 0.224929 
-0.259785 -0.364484 0.473918 
0.04705 -0.273897 0.0746371 
0.0113821 0.1616 -0.105467 
-0.575309 0.237037 0.424604 
-0.275368 0.412117 -0.414608 
0.458145 0.10223 0.496541 
0.149657 -0.452606 0.183962 
-0.560571 -0.479102 0.217318 
0.132808 -0.184648 -0.276172 
-0.0547477 -0.310893 0.134754 
-0.520857 -0.201349 0.413696 
0.470035 -0.139724 0.476514 
0.5604 -0.481533 -0.303459 
-0.340232 -0.338798 0.558797 
-0.581817 0.392421 0.482196 
-0.432286 0.169176 0.434635 
0.181807 -0.48326 0.484195 
0.106848 -0.136271 -0.239379 
-0.554767 -0.281366 0.0124862 
0.00986954 -0.580929 -0.2183 
-0.430527 0.162059 -0.170319 
0.555159 -0.377521 -0.44365 
0.549003 0.340521 0.484581 
0.0897881 -0.502779 0.424745 
0.164782 -0.418358 0.558516 
0.087748 0.350809 0.311807 
0.369363 -0.0122813 0.070779 
-0.29774 0.138733 -0.532036 
-0.579917 -0.349862 0.485563 
0.474291 0.464546 0.123881 
0.235801 0.212761 -0.115077 
-0.164777 -0.176826 0.0276031 
-0.198404 -0.375724 0.1471 
0.0945368 0.248559 0.0739356 
-0.0650893 0.563836 -0.44165 
-0.529089 -0.21495 0.409522 
-0.296438 -0.153642 -0.338253 
-0.15943 0.258107 0.504432 
0.412699 -0.186762 -0.295497 
-0.415648 -0.370827 -0.243343 
-0.552199 0.398834 0.271577 
-0.145571 0.507144 0.278978 
-0.534857 -0.195923 -0.471288 
0.301087 0.173298 0.23261 
-0.359402 -0.203111 0.255618 
-0.0400444 0.191092 0.0669209 
-0.530038 -0.0276787 0.24913 
-0.250429 -0.300781 0.174913 
-0.297318 0.538926 -0.381569 
-0.0654411 -0.576631 -0.223736 
-0.466652 0.0434948 0.286413 
0.264082 0.389849 -0.340848 
0.354835 0.0464897 -0.203043 
-0.198228 0.423815 0.370135 
0.326906 0.115584 -0.215108 
0.505984 -0.412086 0.265229 
-0.567148 0.368356 0.146714 
-0.25275 0.402251 0.190802 
-0.249092 -0.536463 0.421693 
-0.0936166 -0.0283834 -0.200553 
-0.201359 0.171466 0.43695 
-0.160626 0.129643 -0.525477 
-0.369498 -0.558978 -0.321417 
-0.239348 -0.571028 0.541435 
0.279067 0.083662 -0.378202 
0.310127 -0.341582 -0.267509 
0.429055 0.268783 0.0115392 
-0.284901 0.498159 -0.411101 
-0.0744812 -0.0791562 0.117673 
0.271504 0.566197 0.189469 
-0.425638 0.549531 -0.0873691 
0.48713 0.156174 0.556903 
0.357438 0.390096 -0.191153 
0.234324 0.03902 -0.209005 
0.350016 -0.310681 -0.058363 
0.0322059 -0.176755 0.263826 
-0.401226 0.501683 0.549502 
0.540772 -0.368078 0.0752334 
-0.309348 0.519688 -0.0842125 
-0.237836 -0.17214 0.00417371 
0.207063 -0.18197 0.443228 
-0.0745163 0.168401 0.181402 
-0.130832 -0.399261 -0.351581 
-0.0394464 -0.271466 -0.362489 
-0.253278 0.235839 -0.1827 
0.148285 -0.155861 -0.022728 
-0.26369 -0.554891 0.111886 
-0.154013 -0.090854 -0.041247 
0.237208 0.265859 -0.333763 
0.165204 0.477864 0.2801 
0.127109 0.124393 0.176141 
-0.128335 0.443828 0.311351 
0.0174674 -0.402291 -0.504082 
-0.387015 -0.279429 0.062256 
-0.158515 -0.120169 -0.410154 
-0.187641 -0.42403 -0.330957 
0.0472962 -0.0131269 -0.224017 
-0.315574 -0.433967 0.304301 
-0.475657 0.299367 -0.0924548 
-0.552726 0.507179 -0.359016 
-0.388105 -0.531073 -0.157727 
0.42195 -0.263009 -0.554729 
0.226058 -0.499608 0.238467 
0.00153296 -0.023063 0.385953 
-0.379698 -0.579238 -0.0950152 
-0.20361 0.517503 0.436564 
0.137169 0.0533251 0.207146 
0.47517 -0.344048 0.533403 
-0.0105674 -0.462859 0.302407 
0.514391 -0.230065 0.558166 
0.483507 0.076298 0.106519 
-0.298584 -0.0196101 0.141523 
0.0834214 0.241935 -0.239835 
-0.0473257 -0.530156 0.0930158 
-0.130023 0.00864793 0.28957 
0.568491 0.130101 0.551011 
0.226304 0.303137 -0.412048 
0.28364 -0.429527 -0.130264 
-0.414311 0.420926 0.12346 
-0.416492 -0.429492 0.164461 
-0.573621 -0.0659433 -0.516708 
0.359197 0.30282 -0.366241 
0.311886 0.278191 -0.297532 
-0.292428 -0.539282 -0.451752 
0.00937708 -0.540762 -0.0813364 
-0.498345 -0.0407507 -0.56269 
0.0653764 -0.122283 0.0454907 
-0.327885 0.501295 -0.0538736 
0.466306 0.363564 0.230505 
0.125667 0.0303876 -0.0813715 
0.330001 0.560066 0.378061 
0.010573 0.143983 0.555956 
-0.106913 -0.042301 0.490192 
0.15138 0.124921 0.212688 
0.240656 -0.358424 -0.282976 
-0.23671 -0.409972 0.495559 
-0.0619235 0.333474 -0.276978 
0.169636 0.314764 -0.292516 
-0.396407 0.376636 0.20876 
-0.115531 0.409193 0.465816 
-0.0290345 -0.249585 -0.294621 
0.181666 0.262617 0.0894383 
-0.161505 -0.393517 -0.098733 
-0.0125372 0.0510349 -0.307247 
0.205445 -0.172386 0.00946986 
0.501587 0.0745363 0.100627 
-0.578791 -0.542171 -0.01659 
-1.51175 -1.18227 -0.779727 
-0.744538 -1.38533 -1.30654 
-0.595183 -1.73091 -1.11437 
-1.03474 -1.21585 -1.027 
-1.13534 -0.897334 -1.10553 
-1.46331 -0.836167 -0.576474 
-1.42772 -1.70889 -0.9471 
-0.675559 -1.05754 -0.890456 
-0.877325 -0.640475 -1.03692 
-1.03266 -1.56133 -0.802666 
-0.86832 -0.977422 -0.92118 
-0.640067 -0.936339 -1.64451 
-1.55793 -1.06431 -0.786216 
-1.15373 -1.41352 -0.856715 
-1.59276 -1.69578 -1.23555 
-0.672569 -1.19168 -1.36122 
-0.601585 -1.08136 -0.760647 
-0.708554 -1.07523 -1.50235 
-0.97659 -1.59392 -1.36444 
-1.34692 -0.77271 -0.86664 
-1.73269 -0.751922 -1.08961 
-1.21068 -1.10888 -1.49331 
-1.23123 -1.12142 -1.146 
-0.668629 -1.53039 -0.578403 
-1.62575 -1.68038 -1.46416 
-1.50176 -1.2149 -0.995923 
-1.01444 -1.3032 -1.0874 
-1.51678 -1.06135 -1.633 
-1.0195 -1.56415 -0.677768 
-1.68474 -1.37261 -1.5255 
-0.753437 -1.35887 -0.988733 
-1.21789 -1.1988 -1.35413 
-0.781719 -0.899237 -1.57917 
-1.12992 -1.65287 -1.35518 
-1.47281 -1.09997 -1.15933 
-0.82013 -0.9418 -1.27122 
-1.61858 -1.16885 -1.28854 
-1.32296 -1.53243 -0.871165 
-1.70247 -0.998316 -0.732062 
-0.750272 -0.919003 -1.64959 
-1.34154 -0.973159 -1.12026 
-0.696524 -1.2717 -0.742549 
-1.07371 -1.47588 -0.796738 
-0.82618 -0.877568 -0.740866 
-1.4701 -0.599286 -1.1224 
-1.43626 -1.5671 -1.63332 
-1.34681 -1.23664 -1.11142 
-1.27618 -1.12949 -1.44831 
-0.946164 -0.708513 -1.03405 
-1.57039 -1.73137 -0.966952 
-0.799728 -0.809565 -1.56131 
-0.83814 -0.992185 -1.09101 
-1.41762 -1.02051 -1.30299 
-1.55484 -0.694595 -1.21773 
-1.53655 -0.731415 -1.72108 
-1.26809 -1.69176 -1.44073 
-0.714076 -0.836167 -0.680538 
-0.969028 -1.07876 -1.10413 
-1.44031 -1.69402 -1.64461 
-1.6528 -0.992397 -0.923951 
-1.27752 -1.50587 -1.27522 
-0.702152 -1.01202 -1.3972 
-0.702609 -0.701783 -0.686606 
-1.07691 -0.875771 -1.56528 
-0.950279 -1.13865 -1.49201 
-1.22911 -1.64444 -1.3173 
-1.57011 -0.95614 -0.927774 
-1.10755 -1.67901 -0.610636 
-0.950877 -1.28763 -1.53052 
-0.830366 -1.17674 -1.14172 
-1.27228 -0.648368 -1.66394 
-1.28877 -1.70547 -1.70399 
-0.745699 -0.896629 -0.719295 
-1.64348 -1.05441 -0.787514 
-1.72277 -1.46834 -0.725679 
-1.00966 -1.11797 -0.616108 
-0.815452 -0.708372 -1.01637 
-0.890622 -0.912097 -0.798457 
-1.38016 -0.856497 -0.581841 
-0.93737 -1.41884 -1.08564 
-1.46655 -1.50009 -1.69908 
-1.68042 -0.992925 -1.2467 
-0.928576 -0.72465 -1.66334 
-1.24262 -1.63535 -0.830725 
-1.39683 -0.874044 -0.723329 
-1.13295 -1.32758 -1.5302 
-0.842959 -1.29104 -1.5483 
-1.33559 -0.988591 -0.992766 
-1.45494 -0.833595 -1.56629 
-0.600987 -1.38914 -1.17305 
-0.599897 -1.20937 -0.834127 
-0.644077 -1.0815 -0.906695 
-1.16675 -0.852904 -0.807401 
-1.4987 -1.05363 -1.16294 
-0.650655 -1.50192 -1.00701 
-1.69477 -1.221 -1.57857 
-1.53539 -1.37152 -1.23407 
-1.5427 -0.80953 -1.33523 
-0.78098 -0.993559 -0.881863 
-1.19763 -0.691847 -1.60049 
-1.68946 -1.65808 -1.59102 
-1.02193 -0.891697 -1.38233 
-0.584842 -1.53938 -1.05769 
-1.51527 -1.59681 -0.839107 
-1.73251 -0.810904 -0.86415 
-1.62765 -0.746848 -0.999009 
-1.43978 -1.50583 -1.12528 
-1.70683 -0.680819 -1.37437 
-1.67394 -0.848957 -1.54753 
-1.69688 -0.814815 -0.994976 
-0.726774 -1.57095 -1.37058 
-1.6808 -0.699669 -1.48633 
-0.726212 -1.03288 -1.51421 
-1.52125 -1.10553 -0.885686 
-0.734759 -1.30404 -0.606287 
-1.69895 -0.886658 -0.899189 
-0.679428 -0.843285 -1.46265 
-0.675278 -0.865236 -1.68849 
-1.09302 -1.35344 -0.726275 
-0.797723 -1.69592 -1.58772 
-1.50232 -0.755727 -1.47012 
-1.01528 -0.738638 -1.38984 
-0.629409 -1.24827 -1.56935 
-1.7265 -0.694772 -1.66734 
-0.947993 -0.920765 -0.982244 
-0.761493 -1.33036 -1.00539 
-1.70272 -0.715842 -1.28525 
-0.611645 -0.928552 -1.15242 
-1.29862 -0.743959 -1.05425 
-1.38266 -0.726342 -0.653251 
-1.41263 -1.44759 -0.729431 
-1.21958 -1.70307 -1.01378 
-1.60071 -0.628179 -1.33733 
-1.16914 -1.04236 -1.26378 
-0.772221 -1.05184 -0.646026 
-0.906099 -1.19034 -1.67755 
-1.57767 -0.791279 -0.9686 
-0.672428 -1.16046 -1.68989 
-1.26222 -1.52606 -1.65847 
-0.804723 -1.58412 -0.785199 
-1.33471 -0.730993 -1.60449 
-0.81218 -0.729196 -1.09469 
-1.41023 -0.895749 -1.57373 
-1.17283 -1.18393 -0.95408 
-1.14262 -1.1771 -1.0694 
-1.5395 -0.670883 -0.97786 
-0.850662 -0.744487 -1.1688 
-1.02165 -1.07974 -0.924653 
-1.55245 -1.71157 -1.14351 
-1.45234 -1.02566 -0.627226 
-1.45575 -0.590196 -1.4724 
-0.985806 -1.57873 -1.52052 
-1.2116 -1.67002 -0.721785 
-1.64095 -1.00318 -1.04373 
-1.46771 -1.44174 -1.41225 
-0.895968 -1.03831 -0.957552 
-0.702081 -0.968402 -1.31688 
-1.48101 -0.917347 -0.783971 
-1.03766 -1.03686 -0.676996 
-1.38315 -1.10983 -0.583945 
-1.70293 -1.54117 -0.734482 
-1.17758 -1.63817 -1.06583 
-1.26988 -0.785712 -1.72283 
-0.978384 -1.03901 -1.334 
-1.72896 -1.41665 -0.744478 
-1.0837 -1.23611 -1.28307 
-1.34565 -1.14848 -0.832689 
-1.4949 -1.19158 -1.63423 
-1.41101 -0.588223 -1.12892 
-1.07037 -0.617326 -1.1258 
-1.18307 -0.853397 -1.23411 
-1.6292 -0.75844 -1.17946 
-1.51745 -1.47155 -1.33288 
-1.49719 -1.66076 -0.795335 
-1.52793 -0.92901 -1.40653 
-0.789844 -1.72799 -0.630172 
-0.919079 -1.16913 -1.63725 
-0.993123 -1.57383 -1.71943 
-0.863959 -1.24778 -0.778149 
-1.15883 -0.615494 -1.64868 
-1.51221 -1.0511 -0.944084 
-0.664444 -1.61457 -1.55493 
-0.631871 -0.945958 -1.22745 
-1.17804 -0.819466 -0.774045 
-1.3344 -0.855511 -1.48261 
-0.718403 -1.56904 -0.824762 
-0.856537 -0.807416 -0.618423 
-0.74 -1.69469 -1.0902 
-1.48227 -1.66189 -1.43613 
-1.42483 -1.59575 -1.18416 
-1.12932 -1.65857 -1.60628 
-0.901104 -0.675428 -0.709018 
-1.14972 -1.10539 -0.739182 
-1.32001 -1.29869 -1.17077 
-1.72336 -1.48025 -0.912166 
-1.10748 -1.4843 -1.56079 
-0.633173 -1.722 -1.0445 
-1.11768 -1.47715 -1.61382 
-1.34808 -1.44678 -0.692569 
-0.957033 -1.25976 -0.961445 
-1.60595 -0.782153 -0.974422 
-1.6202 -0.722677 -1.27178 
-1.30334 -1.66248 -1.45462 
-1.41882 -1.59286 -1.40425 
-1.45649 -0.976576 -0.986032 
-0.637007 -1.54815 -0.620808 
-1.01437 -1.42342 -0.904661 
-1.00762 -1.29654 -1.0451 
-0.960269 -1.07523 -1.72465 
-1.40925 -0.900646 -1.25926 
-1.62308 -0.938594 -0.704564 
-1.42919 -0.889512 -1.4784 
-1.33285 -1.30489 -1.00104 
-0.662755 -1.68014 -1.61049 
-1.46444 -0.865658 -0.700496 
-0.904797 -0.863227 -1.01918 
-0.713302 -1.0394 -0.849875 
-1.06252 -1.64226 -1.67429 
-1.25627 -1.21328 -0.987856 
-1.21666 -0.622858 -0.894419 
-0.703875 -1.61069 -1.07266 
-1.20615 -0.925381 -1.41891 
-1.67799 -0.583889 -1.72034 
-0.920099 -0.953216 -0.603692 
-0.741794 -1.07227 -1.06583 
-1.01384 -0.744981 -0.966741 
-0.794065 -0.771864 -1.4892 
-0.763498 -0.736278 -0.658021 
-1.30263 -0.649813 -1.27865 
-1.01075 -1.01202 -0.957236 
-1.65942 -1.52817 -1.41958 
-0.677845 -1.16233 -1.59944 
-0.626876 -1.62873 -0.816871 
-1.08454 -0.59231 -0.896278 
-0.679534 -0.896383 -0.869622 
-1.69857 -1.23446 -1.42 
-1.35863 -0.868231 -0.925144 
-1.42026 -1.03595 -0.771766 
-1.64088 -0.941201 -1.07344 
-1.40154 -1.27159 -0.969652 
-1.41449 -0.636881 -1.67032 
-0.82115 -1.33001 -1.44568 
-0.6267 -0.791913 -1.46409 
-0.827341 -1.67376 -1.08354 
-1.60845 -1.70484 -1.55879 
-0.880808 -0.667359 -1.05734 
-1.7177 -1.0672 -1.57029 
-1.10111 -0.954308 -1.01767 
-0.892416 -1.16039 -1.20054 
-0.841622 -1.40291 -1.33716 
-0.624695 -1.60488 -1.26771 
-0.807221 -1.08552 -1.46195 
-1.36528 -0.831516 -1.21605 
-0.825829 -1.4812 -1.52719 
-0.763146 -1.55238 -0.78548 
-1.1416 -1.0703 -1.03198 
-0.825582 -1.59829 -1.24495 
-1.73226 -0.83363 -0.703687 
-1.22138 -1.06079 -1.29416 
-1.08416 -0.641532 -1.00136 
-0.783512 -1.02196 -0.595905 
-1.04293 -0.638714 -1.13906 
-1.53876 -0.937924 -0.580192 
-1.1422 -0.775 -1.43003 
-0.792306 -0.749772 -1.6504 
-1.64798 -1.47063 -1.31776 
-0.781367 -0.657635 -0.722417 
-1.36387 -0.979606 -1.15119 
-1.25061 -0.712213 -1.61898 
-0.660012 -1.16575 -1.12552 
-1.25286 -1.47211 -1.58934 
-0.646539 -0.83437 -0.862607 
-1.67366 -1.58007 -1.34603 
-0.684001 -0.74188 -0.93037 
-1.24456 -1.16938 -1.66913 
-1.48146 -1.11656 -1.09795 
-1.60025 -1.73538 -0.670858 
-1.2924 -0.727152 -0.985015 
-0.992877 -1.07791 -0.738831 
-0.648966 -1.59987 -1.21934 
-1.50668 -0.987041 -0.996624 
-1.64591 -0.850719 -1.25764 
-1.63828 -1.46887 -0.600219 
-1.12665 -1.25806 -1.55009 
-1.67415 -0.748081 -0.665071 
-0.824984 -1.61671 -1.22481 
-0.606404 -1.34034 -0.686922 
-1.5191 -1.41644 -0.998097 
-0.991012 -1.3606 -1.48955 
-1.45452 -1.0863 -0.883055 
-1.24234 -0.670143 -0.861064 
-1.73036 -1.42303 -1.48285 
-1.70497 -1.2946 -1.70084 
-0.881863 -1.55213 -1.36329 
-0.929561 -1.49452 -1.30769 
-0.781824 -1.23622 -1.17245 
-1.35898 -1.21518 -1.70361 
-0.848482 -0.958113 -0.658302 
-0.881406 -1.28083 -1.50211 
-1.29134 -1.65561 -1.63574 
-0.979053 -1.48124 -1.34564 
-1.47281 -1.06678 -1.23625 
-0.685162 -1.50611 -0.799965 
-1.12742 -1.58328 -1.72143 
-1.52582 -0.687689 -1.30594 
-1.26426 -1.45418 -0.915148 
-1.19141 -0.664752 -1.47661 
-0.585158 -1.51552 -0.970319 
-1.54218 -1.13355 -1.09571 
-1.25901 -0.943738 -1.01048 
-0.728287 -1.54353 -0.675032 
-0.987811 -1.10606 -1.46339 
-1.43479 -1.11783 -1.68123 
-1.57172 -0.959558 -0.832689 
-1.31832 -0.833208 -0.821325 
-1.16049 -1.15603 -1.02945 
-0.810844 -0.72754 -0.624911 
-1.13245 -1.23699 -1.05358 
-0.655931 -1.30602 -0.831847 
-1.10572 -1.33516 -1.19423 
-1.22437 -1.02076 -1.54571 
-1.58168 -0.844236 -1.1084 
-1.50728 -0.773344 -1.11893 
-0.886225 -1.6801 -0.958429 
-0.752839 -1.331 -1.65935 
-0.735498 -0.725743 -1.65994 
-1.61225 -1.51651 -0.809435 
-0.585827 -1.48363 -0.935175 
-0.827376 -1.1519 -1.03685 
-0.798532 -1.09296 -0.739147 
-1.51295 -1.33258 -0.644903 
-0.880773 -1.31158 -1.57706 
-1.36313 -0.936902 -0.789443 
-0.599756 -1.41983 -1.48415 
-1.45712 -0.65168 -1.47054 
-0.870748 -0.606932 -1.63444 
-1.15535 -1.34541 -1.63728 
-1.63975 -0.98609 -1.70389 
-0.595254 -0.722043 -1.43841 
-0.77099 -1.23548 -1.26262 
-1.48794 -1.04345 -1.10241 
-0.682489 -0.79822 -1.57685 
-0.741196 -0.764641 -1.36967 
-1.50387 -1.35101 -0.978491 
-1.10414 -0.671834 -0.782603 
-0.984575 -1.36835 -0.860082 
-1.40478 -1.42152 -0.714069 
-0.722729 -1.48043 -0.884072 
-1.23337 -1.54427 -1.25915 
-1.06467 -0.643893 -1.23204 
-1.0443 -1.61721 -1.59705 
-1.51193 -1.43283 -1.70203 
-0.755372 -0.915621 -0.692534 
-1.17357 -1.57746 -1.2346 
-1.62192 -0.775952 -1.09325 
-1.02214 -0.697661 -1.69617 
-1.34875 -1.24707 -1.09294 
-1.35212 -1.30271 -0.586505 
-1.44108 -1.59554 -0.710281 
-0.642916 -1.71763 -1.3656 
-1.55196 -0.67127 -1.54216 
-1.26939 -1.42388 -1.33446 
-1.01205 -1.07534 -0.57928 
-1.51295 -0.99134 -0.791898 
-0.736694 -1.71171 -0.742514 
-1.08532 -0.993348 -0.776886 
-1.16189 -0.790363 -1.58955 
-1.61305 -0.874819 -1.52736 
-1.14276 -0.841241 -0.811119 
-0.852386 -1.29467 -1.55328 
-0.844858 -1.01741 -1.35224 
-0.889355 -1.63588 -1.35171 
-1.31118 -1.7072 -1.3663 
-1.1575 -1.32307 -1.65458 
-1.53345 -1.62401 -1.48454 
-0.682911 -0.857484 -0.68131 
-1.33841 -0.752626 -1.10865 
-1.36665 -1.53564 -1.23958 
-1.44038 -0.880457 -0.605901 
-1.60841 -1.30866 -0.912798 
-0.609183 -0.7614 -1.68982 
-1.63103 -1.69074 -1.65559 
-1.43581 -1.25098 -0.881196 
-1.14244 -1.26937 -0.843316 
-1.51537 -1.0573 -1.19023 
-1.55931 -1.11184 -1.36802 
-1.3001 -0.624655 -1.35392 
-0.826567 -0.755234 -1.33098 
-0.971068 -1.41119 -0.730834 
-1.71503 -1.05036 -0.974422 
-1.26003 -1.13266 -1.30626 
-1.29384 -1.09232 -1.35115 
-1.67296 -0.714468 -1.19676 
-0.843627 -1.3192 -1.3205 
-1.28072 -1.31275 -0.680994 
-0.786678 -1.26962 -1.35971 
-0.711262 -0.91777 -0.955377 
-0.751186 -1.26187 -1.14678 
-1.53486 -1.45844 -1.26441 
-0.732508 -0.846526 -1.71525 
-1.31216 -0.756819 -1.42887 
-1.36574 -0.692904 -1.27003 
-1.13175 -0.613592 -1.41085 
-0.619208 -1.29809 -0.578438 
-0.705458 -1.31042 -1.52126 
-1.36116 -1.63856 -1.04029 
-0.833215 -1.19549 -0.651287 
-0.720724 -1.72002 -0.878004 
-1.05225 -0.984504 -1.55244 
-0.706162 -0.739519 -0.97316 
-1.07589 -0.861501 -1.21934 
-0.677986 -1.55826 -0.878495 
-1.03618 -0.812948 -1.14671 
-0.92337 -0.854982 -0.746968 
-1.02647 -1.45742 -1.00055 
-0.95939 -1.66763 -0.926512 
-1.22134 -1.13316 -1.38416 
-1.72664 -1.71107 -0.717121 
-1.51632 -0.807381 -1.71662 
-0.968922 -1.35418 -0.909711 
-1.52853 -1.28974 -1.41008 
-1.34776 -1.59653 -0.734693 
-1.44474 -0.647346 -1.56454 
-0.826251 -1.17917 -1.46735 
-0.879366 -0.743395 -0.958815 
-1.52564 -1.12139 -0.974142 
-0.871099 -1.08048 -0.720803 
-0.587093 -1.09754 -0.726871 
-1.56578 -1.69268 -1.2864 
-1.41716 -0.633006 -0.854996 
-1.53796 -1.00163 -1.57233 
-1.62255 -1.39897 -0.753352 
-0.731277 -1.1945 -1.02773 
-0.997027 -0.777079 -0.762927 
-0.755478 -1.4237 -1.05281 
-1.62055 -0.643506 -1.69572 
-1.48952 -0.600343 -1.30885 
-1.66357 -1.26187 -1.50586 
-1.66364 -1.13506 -0.620492 
-0.607319 -1.52327 -1.2641 
-0.709081 -0.666936 -1.68944 
-1.56588 -1.54138 -1.6128 
-1.22275 -1.24823 -1.37339 
-1.38336 -1.52313 -1.65749 
-0.974163 -0.921822 -1.26589 
-1.03168 -0.783633 -1.20296 
-0.849291 -1.14144 -0.643956 
-1.02439 -1.24947 -1.35084 
-1.44428 -1.66051 -1.45136 
-0.627369 -0.840325 -1.04036 
-1.04786 -1.19873 -1.2427 
-0.641826 -1.5268 -1.44333 
-1.2919 -0.601753 -0.627507 
-1.46683 -1.50217 -0.902977 
-0.750061 -0.622999 -1.42193 
-1.2378 -1.34876 -1.67909 
-1.56177 -1.04976 -1.31969 
-0.673343 -0.992573 -0.82378 
-0.748724 -1.11004 -0.864466 
-1.32251 -1.26634 -0.901013 
-1.09376 -1.65375 -1.70157 
-0.832899 -1.37508 -1.28739 
-0.817457 -1.19316 -1.1123 
-1.01296 -1.20814 -1.1836 
-1.16928 -0.777255 -1.27529 
-0.985244 -0.653864 -1.34151 
-1.42902 -1.28375 -1.26101 
-0.61868 -0.779052 -1.67397 
-0.691388 -1.7313 -0.578403 
-0.66979 -1.26152 -1.05215 
-0.816437 -0.753543 -0.66458 
-0.737573 -1.42374 -0.924583 
-1.16865 -1.0839 -0.628173 
-0.709327 -1.70399 -1.51389 
-0.595254 -1.31092 -1.43144 
-1.08926 -1.18266 -0.642203 
-1.00825 -1.71794 -1.49264 
-1.12827 -1.05705 -0.79993 
-1.46908 -1.48103 -0.619194 
-1.65119 -1.0542 -0.904976 
-0.693674 -1.67728 -1.10195 
-0.635107 -1.5571 -0.89968 
-1.08535 -1.05987 -1.68733 
-1.01908 -0.990952 -1.60831 
-0.657127 -1.62781 -0.584892 
-1.52381 -0.879823 -1.0424 
-0.920345 -1.50699 -0.635784 
-1.3205 -1.07985 -1.34077 
-0.743729 -1.60065 -1.15446 
-1.37179 -0.914388 -1.64917 
-0.834517 -1.5195 -1.67295 
-0.771799 -0.943667 -1.55521 
-1.51907 -0.979994 -1.12538 
-0.746156 -1.53494 -1.20794 
-0.856607 -1.46115 -0.602359 
-1.6489 -1.36747 -1.48931 
-1.33373 -1.26712 -1.07354 
-1.38079 -1.55879 -1.11879 
-1.51537 -0.880105 -1.11482 
-0.930511 -1.18802 -0.895682 
-0.92228 -1.33745 -1.58555 
-0.983063 -0.793921 -0.804525 
-1.53081 -1.63483 -1.02574 
-0.605736 -1.53166 -0.632522 
-1.38157 -0.885495 -1.60754 
-0.627298 -1.11885 -1.58194 
-1.47358 -0.860937 -1.00255 
-1.4466 -1.20183 -0.935736 
-1.54334 -0.620216 -1.38005 
-0.925938 -1.65237 -1.58808 
-0.677107 -1.30894 -1.55451 
-1.10048 -1.07477 -1.21499 
-1.33295 -1.05124 -0.72852 
-0.629585 -0.965618 -1.40713 
-0.622233 -1.34781 -0.603446 
-0.644921 -1.30454 -1.19448 
-0.992701 -1.1284 -1.29321 
-1.51052 -1.39333 -1.54209 
-0.926501 -1.40147 -1.08238 
-1.27097 -1.1141 -1.49474 
-1.6082 -0.883769 -1.16999 
-0.906802 -0.688112 -1.03359 
-1.15746 -0.659044 -0.654303 
-1.00019 -1.13717 -1.17736 
-1.42768 -1.25746 -0.888702 
-1.13977 -0.710909 -1.35599 
-1.51783 -1.19757 -0.580999 
-0.764412 -0.769469 -0.692674 
-1.48094 -0.637692 -1.15628 
-1.04536 -1.0832 -0.757806 
-0.638308 -1.44037 -1.238 
-0.938249 -0.88472 -0.856644 
-1.15532 -0.92376 -0.94724 
-1.13643 -1.7214 -1.56524 
-0.814643 -0.708407 -0.61716 
-1.11096 -0.910935 -1.69965 
-0.694694 -0.706223 -1.653 
-1.46915 -0.651539 -0.675207 
-1.63553 -1.40552 -1.24032 
-1.47703 -0.621977 -1.00799 
-1.65164 -1.07287 -0.58882 
-0.677564 -0.634521 -0.697269 
-1.55948 -1.73091 -1.59997 
-1.34291 -1.41239 -0.997712 
-1.5114 -1.63465 -1.40597 
-0.607178 -0.608095 -1.62746 
-1.0652 -1.25155 -1.68558 
-1.19739 -1.24735 -1.10507 
-1.18166 -0.734657 -1.72185 
-0.806447 -1.63986 -1.31878 
-1.57651 -0.681559 -1.01055 
-1.53813 -1.14679 -1.42354 
-0.818582 -1.68035 -1.60614 
-1.13875 -1.08919 -1.40892 
-0.701941 -0.883769 -1.45816 
-1.44347 -1.231 -1.66738 
-1.53074 -0.861184 -1.28083 
-1.38427 -1.20733 -0.998413 
-1.04265 -0.912873 -1.40702 
-1.60887 -0.723981 -0.653146 
-1.11086 -1.1561 -0.641045 
-1.10994 -1.2563 -1.17301 
-0.834939 -1.26962 -1.50007 
-1.00519 -0.723488 -0.718173 
-1.33622 -1.0931 -1.13464 
-1.35589 -1.68493 -1.51467 
-0.970646 -0.640546 -1.62052 
-1.09914 -1.04282 -1.37928 
-1.15641 -0.855863 -0.770959 
-1.04304 -0.987358 -1.35129 
-1.27217 -1.52933 -1.39468 
-1.03048 -1.47905 -1.59158 
-1.37791 -0.999901 -1.18609 
-1.17653 -1.08358 -0.680609 
-0.971033 -1.50763 -1.02465 
-1.14336 -1.12188 -0.658021 
-0.927028 -1.49125 -1.44378 
-1.68084 -0.691671 -0.876882 
-1.62382 -1.6559 -0.978281 
-1.72509 -1.43924 -1.05807 
-1.07972 -1.17583 -0.947942 
-1.63669 -0.61338 -1.26441 
-0.904692 -0.840924 -0.78818 
-1.67025 -0.981439 -0.948468 
-1.19763 -0.674195 -1.08659 
-1.58674 -1.55808 -0.861239 
-0.865682 -1.62626 -1.23344 
-1.21325 -1.29478 -1.44129 
-1.2066 -0.727821 -1.54949 
-1.39046 -1.10719 -1.37735 
-0.662157 -1.0815 -0.9612 
-0.767965 -1.49459 -1.47037 
-1.27228 -1.30105 -1.62638 
-1.51681 -1.61784 -1.23162 
-0.792517 -1.5232 -1.01634 
-1.17041 -1.08968 -0.755 
-1.23052 -1.54642 -1.27872 
-1.25504 -1.03151 -0.808523 
-1.528 -0.597771 -1.44059 
-0.821045 -1.20764 -0.911325 
-0.600671 -1.31948 -0.799614 
-1.73163 -1.47655 -0.672682 
-0.682629 -1.51288 -1.11072 
-0.785447 -0.721796 -1.08466 
-0.586811 -0.886975 -0.749494 
-1.45104 -0.703615 -1.46935 
-1.06129 -1.67263 -1.0674 
-0.671584 -1.67552 -1.13962 
-0.826778 -0.669297 -0.983086 
-1.46954 -1.24312 -1.02156 
-1.61569 -1.67778 -0.667561 
-0.952355 -0.87644 -0.735569 
-1.51502 -1.12456 -1.60424 
-1.00346 -1.16846 -0.798422 
-1.08771 -1.02805 -0.603481 
-1.46785 -1.68444 -1.57882 
-1.35385 -1.15162 -1.21612 
-1.73385 -1.35492 -1.17596 
-0.849291 -1.70572 -0.972037 
-1.40218 -0.92908 -1.17789 
-0.806165 -0.892049 -1.05018 
-1.6094 -1.1994 -1.1131 
-1.13931 -0.987217 -1.54181 
-0.842783 -1.14397 -1.48405 
-1.10498 -1.53568 -1.14667 
-1.01968 -1.52704 -1.20167 
-1.61161 -1.5887 -1.59579 
-1.14891 -0.745016 -1.20588 
-1.5764 -1.08267 -0.618282 
-0.987847 -1.65956 -1.5779 
-1.5477 -0.865059 -0.750511 
-0.779573 -0.794062 -0.925179 
-0.715694 -0.602845 -0.81161 
-1.27101 -1.289 -1.69975 
-1.4267 -1.02323 -1.5778 
-1.09622 -0.602669 -1.29731 
-1.26809 -1.47232 -1.5617 
-1.06977 -1.05938 -1.52221 
-1.2065 -0.914423 -1.63809 
-1.50197 -1.19006 -1.62617 
-1.70106 -1.20134 -0.84742 
-1.0143 -0.954273 -0.73129 
-1.61911 -0.975273 -1.03605 
-0.737327 -1.5498 -0.93307 
-0.830366 -0.660665 -0.684818 
-1.05975 -0.783668 -1.31569 
-1.52877 -1.50985 -1.61452 
-0.983555 -0.96657 -0.765382 
-1.44449 -1.45608 -0.833846 
-1.02707 -0.713869 -0.941979 
-1.11392 -1.63712 -0.91164 
-1.62621 -1.57454 -1.51996 
-1.65287 -1.6411 -1.54469 
-0.727197 -1.51531 -0.801438 
-1.61601 -1.03218 -0.670402 
-1.22852 -1.30669 -0.721996 
-1.2975 -0.843778 -1.516 
-0.641404 -1.31743 -1.60246 
-1.04293 -1.3947 -0.845245 
-1.48407 -1.44586 -1.1244 
-0.62656 -1.06248 -0.798422 
-1.2485 -1.24619 -1.03345 
-0.77507 -1.69127 -1.19314 
-1.72966 -1.60805 -1.43961 
-1.28054 -1.50527 -1.71125 
-0.81918 -1.7233 -0.848577 
-1.7144 -1.42328 -0.932579 
-0.840321 -0.595974 -1.70508 
-0.621002 -1.43762 -1.41576 
-1.29426 -0.64872 -1.27325 
-1.46708 -1.34904 -1.31783 
-0.850662 -1.35429 -0.69092 
-0.978771 -1.3316 -1.39338 
-1.3199 -0.645655 -1.22573 
-1.16773 -0.902197 -1.61203 
-1.46131 -1.51753 -1.26084 
-0.646399 -1.27096 -1.03791 
-1.04096 -0.798255 -1.58913 
-1.1627 -1.3626 -1.35178 
-1.67479 -1.26532 -1.09494 
-0.870466 -0.760871 -0.610671 
-1.18268 -0.84339 -1.29819 
-1.07624 -1.32212 -1.68491 
-1.17698 -0.739132 -0.775834 
-1.43222 -1.2056 -1.45469 
-1.42821 -1.3285 -0.714736 
-0.766101 -1.58264 -1.43547 
-1.5726 -1.41651 -0.899996 
-0.629444 -1.34823 -1.13359 
-1.36887 -1.14204 -0.906239 
-1.55582 -1.41116 -1.36381 
-1.24241 -1.01583 -0.677487 
-1.06425 -0.789834 -1.27336 
-0.966284 -1.32899 -0.659775 
-0.792412 -0.9801 -0.783901 
-1.2206 -0.945535 -0.713543 
-1.3179 -0.728491 -1.63742 
-1.49807 -1.58856 -1.68235 
-1.01641 -1.15338 -1.1546 
-0.876235 -0.861501 -0.598325 
-1.42775 -0.871648 -1.66057 
-1.62104 -0.675534 -0.83332 
-1.43531 -1.59272 -0.806664 
-0.796316 -1.65597 -0.893682 
-1.09541 -1.28868 -1.36143 
-1.05007 -0.957444 -1.67748 
-1.05602 -1.04447 -1.16961 
-0.876165 -0.677824 -1.29314 
-1.25092 -1.23125 -1.0224 
-0.72287 -0.639136 -1.21784 
-0.761387 -0.781131 -0.614109 
-0.640489 -1.66255 -1.09581 
-1.73413 -1.37814 -0.750651 
-1.57573 -1.61693 -1.33638 
-1.41357 -1.20352 -0.871831 
-1.32736 -1.23453 -0.665843 
-1.10737 -1.53254 -1.60828 
-1.17385 -1.46401 -0.802245 
-1.40552 -0.659467 -0.99936 
-0.621987 -1.0153 -0.824727 
-1.73445 -1.38339 -1.37963 
-0.695081 -0.973511 -1.28444 
-1.11715 -1.49459 -1.54848 
-1.47168 -1.42779 -1.14548 
-0.782035 -0.975942 -1.60512 
-0.763357 -1.53335 -1.61824 
-1.56121 -1.21744 -0.806419 
-1.66431 -0.829015 -0.992591 
-1.39929 -1.57701 -1.70996 
-0.935717 -0.667993 -1.11987 
-1.2167 -1.50425 -1.17059 
-0.585756 -1.09007 -0.828691 
-1.67996 -1.27029 -1.45402 
-0.934345 -1.58603 -1.1393 
-1.38779 -1.38022 -0.625087 
-1.36458 -1.69117 -0.73585 
-1.42487 -0.976506 -1.32369 
-1.13755 -1.19475 -1.51042 
-1.03375 -1.52926 -1.17655 
-1.0201 -0.769081 -1.71781 
-1.59916 -1.37899 -1.40341 
-1.57408 -1.2847 -0.62684 
-0.628529 -1.07869 -1.17006 
-0.994987 -1.34848 -0.984313 
-0.77092 -0.67719 -0.990802 
-1.54517 -1.57288 -1.54897 
-0.606123 -1.11082 -1.04454 
-0.720619 -0.785183 -1.72507 
-1.46155 -1.35767 -0.642553 
-1.42378 -0.834687 -0.689973 
-1.27154 -0.865835 -0.942049 
-0.833532 -0.907904 -0.990837 
-0.726599 -1.26804 -0.868885 
-0.687484 -0.604113 -1.71213 
-1.25968 -0.888138 -1.34063 
-0.590048 -0.721867 -1.47423 
-0.950209 -1.42994 -1.46346 
-0.649564 -0.726976 -1.29907 
-1.42202 -1.38935 -1.21559 
-1.1143 -1.08006 -1.61315 
-1.33985 -1.25768 -1.43245 
-1.33471 -0.873516 -0.928651 
-0.849466 -0.84413 -1.45167 
-1.33172 -1.65794 -0.614775 
-1.49444 -0.918404 -1.21114 
-0.963998 -0.759638 -1.65556 
-1.13295 -1.56481 -1.11405 
-1.68059 -1.16427 -1.55609 
-0.584595 -1.12872 -1.38535 
-1.32662 -1.63697 -1.54925 
-0.958862 -0.715736 -1.19714 
-1.30189 -0.751393 -0.887965 
-1.61875 -1.64959 -0.755246 
-0.993053 -0.646536 -1.06733 
-0.599439 -1.22329 -1.16073 
-1.4942 -0.776022 -1.51551 
-0.875672 -1.47535 -0.601342 
-1.54657 -1.3785 -1.53045 
-0.6999 -1.41465 -1.72241 
-1.1339 -1.26472 -1.00473 
-0.792517 -0.82387 -0.750371 
-0.720056 -1.05927 -0.829883 
-1.09098 -1.3051 -1.51474 
-1.45846 -0.852692 -1.28244 
-1.03199 -0.996308 -1.19707 
-1.0723 -0.800299 -1.41565 
-1.31906 -1.68528 -1.07663 
-1.30214 -1.08735 -1.72293 
-1.40643 -1.05906 -0.625858 
-1.17509 -1.63814 -1.36644 
-1.70504 -1.60044 -0.637327 
-1.33415 -1.62845 -1.301 
-1.35093 -1.27089 -0.990977 
-1.40366 -1.62764 -0.828901 
-0.8622 -1.54611 -1.71473 
-0.69487 -1.31789 -1.58699 
-0.807819 -0.662391 -1.45465 
-1.67479 -0.59083 -1.52319 
-1.16341 -0.654499 -1.28553 
-1.12155 -1.04232 -0.634662 
-1.04617 -0.999796 -1.18476 
-1.32546 -1.22847 -1.72076 
-0.797301 -0.968014 -1.19065 
-0.80613 -1.425 -1.7182 
-1.05728 -1.07657 -1.20791 
-1.52899 -1.65139 -1.16863 
-1.1939 -1.30147 -0.846263 
-1.14617 -1.661 -1.68463 
-0.728815 -1.64702 -0.684116 
-0.846969 -1.5206 -1.12685 
-1.54379 -0.717744 -1.6705 
-1.71475 -0.61405 -1.26676 
-0.67584 -1.48124 -0.784357 
-1.60292 -0.689839 -1.3508 
-1.12253 -1.04451 -1.63967 
-0.847461 -0.71637 -0.973125 
-0.70982 -1.39206 -1.19437 
-1.53968 -0.993489 -1.02216 
-0.738945 -0.74794 -1.48804 
-1.37777 -0.780884 -0.765558 
-0.65565 -1.33213 -1.27613 
-1.12507 -1.61922 -0.862677 
-0.966917 -0.764606 -0.965935 
-0.881652 -1.35771 -1.6194 
-0.887421 -1.63786 -1.25396 
-0.967832 -1.01784 -0.792249 
-1.15781 -0.75171 -0.922443 
-1.69501 -0.662638 -0.742795 
-1.682 -1.60135 -1.66573 
-1.26661 -1.56196 -0.709334 
-1.50376 -0.584946 -1.12135 
-1.62213 -1.24612 -1.53701 
-1.06689 -0.674019 -1.04264 
-0.806201 -1.04236 -1.05376 
-0.623077 -1.72767 -1.51144 
-0.59849 -0.812067 -1.34049 
-0.634896 -1.25503 -1.55121 
-1.66089 -0.695406 -1.53539 
-1.31076 -1.36373 -1.45644 
-1.51632 -1.20919 -1.02563 
-1.71239 -1.05096 -0.724837 
-0.98243 -1.15099 -1.58478 
-0.789527 -1.62778 -1.19837 
-1.28666 -0.923231 -0.639818 
-1.35441 -1.66865 -0.854259 
-1.38973 -0.984363 -0.908975 
-1.15648 -1.42437 -1.20875 
-1.06126 -1.62838 -1.02447 
-1.67331 -0.645443 -1.52273 
-0.591173 -1.5893 -1.41018 
-1.37632 -1.25197 -1.40281 
-1.72055 -1.0537 -0.888071 
-1.63314 -1.66143 -1.10869 
-0.977646 -0.728491 -0.805542 
-0.754 -1.22339 -1.61743 
-0.872014 -1.56869 -1.22225 
-0.953093 -0.900364 -1.47363 
-0.969063 -1.56936 -1.0418 
-0.59462 -0.761858 -0.731115 
-1.26454 -0.970481 -0.790179 
-1.38818 -1.62313 -1.43333 
-0.784849 -1.08848 -1.1566 
-1.71017 -0.946557 -1.57296 
-0.758608 -0.6502 -1.47156 
-1.60546 -1.06547 -0.812767 
-1.71024 -0.816718 -1.12717 
-0.618223 -0.668381 -0.610461 
-1.42043 -1.08379 -1.44827 
-0.891536 -1.72355 -0.682713 
-1.56075 -1.49914 -1.29977 
-1.68594 -1.42441 -0.593625 
-0.96442 -1.35284 -0.760437 
-0.994037 -1.53036 -0.891578 
-1.14793 -1.55023 -0.954465 
-0.807361 -1.52074 -1.01055 
-0.654208 -1.50425 -0.66472 
-0.585651 -1.1321 -1.17754 
-1.39602 -1.28861 -1.28532 
-1.66754 -1.43984 -1.08375 
-0.954817 -1.36282 -0.638134 
-1.62139 -1.23999 -1.22787 
-1.30277 -1.6584 -1.41106 
-0.585686 -1.14168 -1.19328 
-0.604645 -1.53342 -0.892665 
-1.33098 -1.71181 -1.37353 
-0.59856 -1.73038 -0.740129 
-0.991681 -0.664047 -0.6791 
-1.51991 -1.36134 -1.60098 
-0.64267 -0.739273 -1.58457 
-1.16059 -1.00896 -0.902767 
-1.59694 -0.955013 -0.893507 
-0.622198 -0.741633 -0.953238 
-1.628 -1.17738 -1.60344 
-0.662579 -1.60104 -1.03629 
-0.870642 -1.29372 -1.11367 
-0.969907 -1.70089 -1.63332 
-1.71158 -1.60907 -1.03138 
-1.3325 -1.26391 -1.47268 
-1.0729 -0.623316 -0.781446 
-1.3841 -1.63335 -1.40039 
-1.03456 -1.11864 -1.05562 
-0.788156 -1.25253 -1.56924 
-1.43433 -1.46182 -1.42709 
-1.56015 -0.668733 -1.50046 
-0.748196 -1.13999 -0.88551 
-1.65495 -1.50936 -0.98533 
-0.617731 -0.622999 -1.05737 
-1.4503 -1.2 -1.69687 
-1.71017 -1.02478 -0.930089 
-1.17245 -1.34523 -1.6389 
-1.5096 -1.20447 -0.797405 
-0.787874 -1.26557 -0.703968 
-0.954606 -0.716406 -1.18715 
-0.951334 -1.24559 -1.25684 
-1.59279 -1.21166 -1.62687 
-0.59054 -1.37867 -0.694849 
-1.17171 -1.40066 -1.12987 
-1.54654 -0.858752 -1.03773 
-1.13717 -1.35595 -0.655741 
-0.987002 -1.09845 -1.33775 
-0.599721 -1.35616 -1.05453 
-1.25958 -1.50111 -1.10097 
-0.933958 -1.25088 -1.5576 
-0.662544 -1.47081 -1.56963 
-1.61777 -0.966182 -0.831146 
-0.720584 -1.3088 -1.64454 
-1.06277 -1.14468 -1.48513 
-1.4892 -1.18005 -1.45746 
-0.831175 -1.41489 -0.618493 
-1.54228 -0.606686 -0.7241 
-1.23267 -1.50308 -1.26543 
-0.58259 -1.38477 -1.66906 
-1.24375 -0.638643 -0.633645 
-0.59557 -1.00614 -0.829462 
-1.50802 -1.41817 -1.20005 
-1.01486 -1.30563 -0.947977 
-1.24016 -1.07358 -1.09017 
-1.62639 -0.793569 -1.3797 
-1.65435 -0.856638 -1.68425 
-1.52589 -0.693433 -0.608041 
-0.972616 -1.59786 -1.69414 
-0.809859 -1.29379 -0.805542 
-1.37351 -0.795824 -0.85233 
-1.0723 -1.63627 -1.50106 
-1.62213 -0.908785 -0.661844 
-1.38825 -1.36986 -1.43098 
-0.815628 -1.64318 -1.56749 
-1.60929 -1.58814 -1.32358 
-1.24501 -0.898004 -0.693937 
-1.31002 -1.67165 -0.596957 
-1.332 -0.91407 -1.57401 
-1.14487 -1.25105 -0.70274 
-0.711438 -1.47321 -1.1829 
-0.947219 -1.56626 -1.46444 
-1.2461 -0.955753 -0.967618 
-0.803422 -0.72007 -0.642273 
-1.54633 -0.789728 -1.32727 
-1.3199 -1.1271 -1.65549 
-1.59061 -1.13619 -0.801438 
-0.649177 -0.595974 -0.917918 
-1.11163 -1.57746 -1.4751 
-0.715096 -1.50566 -1.21454 
-1.60373 -1.45044 -1.69852 
-1.0901 -1.10226 -1.54129 
-1.51882 -1.73429 -0.936192 
-1.62329 -1.05286 -0.690745 
-1.23805 -1.19961 -1.57327 
-0.749885 -0.902267 -0.791828 
-0.826321 -1.04564 -1.42225 
-1.30168 -1.29682 -0.941979 
-0.848552 -1.22131 -1.33305 
-0.712986 -1.35309 -1.1298 
-1.35332 -1.04588 -1.71182 
-0.939445 -1.67062 -0.745741 
-1.48185 -1.40985 -1.57145 
-1.41948 -1.7283 -1.54879 
-1.35898 -1.01748 -0.744759 
-0.970962 -1.71527 -1.51905 
-1.69607 -0.849521 -1.42337 
-0.96252 -1.53687 -1.47324 
-1.46064 -0.626311 -1.639 
-1.37566 -1.19672 -1.44119 
-1.24948 -1.53575 -0.982384 
-0.659343 -1.24383 -1.65419 
-1.26116 -0.642554 -1.65293 
-1.02126 -0.699 -0.923285 
-0.671338 -1.07167 -1.21093 
-1.29099 -1.35531 -0.735604 
-1.42237 -0.700761 -0.813118 
-1.05654 -1.21342 -1.71873 
-1.29004 -0.714397 -1.59442 
-1.64517 -1.56524 -1.6766 
-1.6387 -1.71199 -1.58737 
-0.648228 -0.66824 -0.931317 
-1.64781 -1.45841 -0.962532 
-1.19886 -1.08094 -1.41751 
-1.6794 -1.49079 -1.29188 
-1.59381 -0.927812 -1.29086 
-0.639926 -0.676168 -0.580157 
-1.28617 -0.669262 -0.961059 
