0
1
0.0769231
1
0.153846
1
0.230769
1
0.307692
1
0.461538
1
0.538462
1
0.615385
1
0.692308
1
0.769231
1
0.846154
1
0.923077
1
1
1
0
0.6875
0.0625
0.9375
0.125
1
0.1875
1
0.25
1
0.3125
1
0.375
1
0.4375
1
0.5
1
0.5625
1
0.625
1
0.6875
1
0.75
1
0.8125
1
0.875
1
0.9375
1
1
1
0
1
0.0555556
1
0.111111
1
0.166667
1
0.222222
1
0.277778
1
0.333333
1
0.388889
1
0.444444
1
0.5
1
0.555556
1
0.611111
1
0.666667
1
0.722222
1
0.777778
1
0.833333
1
0.888889
1
0.944444
1
1
1
0
0.95
0.0833333
0.95
0.166667
0.95
0.25
0.95
0.333333
1
0.416667
1
0.5
1
0.583333
1
0.666667
1
0.75
1
0.833333
1
0.916667
1
1
1
0
0.928571
0.0588235
0.928571
0.117647
1
0.176471
1
0.235294
1
0.294118
1
0.352941
1
0.411765
1
0.470588
1
0.529412
1
0.588235
1
0.647059
1
0.705882
1
0.764706
1
0.823529
1
0.882353
1
0.941176
1
1
1
