-1.05849
-1.65779
-1.39801
-0.695821
0.0423776
-0.837288
1.58308
2.17724
-2.04361
0.0629545
-0.518345
-0.914452
-1.62178
-1.07135
-1.48803
-2.01532
0.85774
-0.358873
-1.23597
0.654542
-0.528633
-0.742119
-1.28741
0.188988
-0.232839
-0.461758
0.201849
0.492499
-1.45202
-0.965894
0.0192285
-0.317719
-0.299715
-1.10222
-0.731831
0.441056
0.0500939
-0.407744
0.194133
-0.240556
0.199277
-0.520917
-0.189113
-0.00392061
0.428196
-1.32599
-2.03332
-0.50034
-0.675244
-1.09707
-0.443753
0.0243727
-1.41602
-0.523489
-0.0785121
-1.06878
-0.801278
-0.201974
-0.0142091
-1.49318
-0.374306
-0.011637
-0.770413
-0.119666
-0.760124
-0.775557
-0.526061
-0.438609
-0.531205
-0.479763
-0.436037
-0.793562
-0.860437
-0.420604
-1.2694
-0.96075
-1.6758
-0.00134849
-0.07594
0.0655267
-1.11765
-0.999332
-1.46489
1.29757
-0.0373582
0.232715
0.801153
-1.41344
0.543941
0.428196
0.0269448
0.304734
0.456489
-0.382022
1.07123
2.05892
-0.214835
-0.0244976
-0.62123
-0.212262
-1.05592
0.577379
1.69625
2.05892
1.87887
1.5445
1.59851
1.25127
0.883461
-0.397455
0.590239
0.12983
1.11495
0.106681
2.16438
-0.410316
0.152979
0.811442
2.02806
-0.0244976
1.35416
0.811442
2.77911
0.307306
-0.556927
0.271296
-0.680389
-1.71438
-1.41087
0.248147
0.960625
1.46219
0.0706709
-0.502912
-0.384595
3.02604
1.02236
0.402475
0.940048
-0.50034
0.116969
1.97661
0.981202
1.30014
0.77286
0.09382
0.307306
-0.255989
0.0783873
-0.271421
-0.168536
-0.538922
0.00122363
0.600528
1.78113
1.23841
-0.515773
0.343316
0.56709
-0.626374
2.48846
-1.05335
-1.18452
-0.664956
-1.86871
0.718845
-1.08421
-0.623802
1.1844
-0.855293
-0.312575
0.615961
-0.402599
-0.472047
1.12267
2.94887
0.147835
0.824302
0.613389
-0.92474
-0.243128
1.7657
0.682836
0.281585
-0.0527909
-0.0476467
0.590239
-0.721542
-0.201974
-0.158248
0.304734
1.71426
-0.881014
2.06921
-0.526061
0.183844
0.284157
0.796009
-0.418032
1.68339
0.317595
-0.0605073
-0.191685
0.973486
-0.392311
-0.420604
