0.525036
-0.515591
-0.338738
0.0876063
0.285237
1.852
-0.325205
-1.09563
-0.433246
1.51824
-0.0572436
-1.15789
0.95623
-0.175154
-0.495152
-0.623342
3.33737
-0.247642
0.560609
0.6034
3.17199
2.16123
0.466727
2.17497
2.02492
-0.107896
0.227502
-0.0875264
1.48898
0.522972
0.225413
1.25595
-0.656897
-0.801255
1.29987
-0.0865045
0.509468
-0.151848
-0.672275
-1.33359
-0.379017
0.987374
2.31665
1.27658
0.682626
0.840982
-0.541462
0.383882
-0.449146
0.984883
-0.0640019
0.929941
0.00588746
3.39752
-0.691654
-0.898494
-0.945243
-0.638369
1.30625
-0.443413
0.634175
1.17948
0.311527
2.69744
-0.797971
-0.832315
0.262053
-0.285046
-0.547379
-0.900724
0.0915473
-0.424182
-0.272087
0.0925634
0.00804708
-1.24935
-0.293366
-0.259838
-0.968487
-0.667616
-1.15231
-1.33509
-0.438803
-1.17605
-0.232205
-0.488804
0.248062
1.1433
-0.0802864
-0.98865
-0.79789
-0.519534
-0.669414
-0.509691
-1.20723
-0.817561
-0.413172
-1.27328
-1.3281
-0.519855
0.0858507
-1.01121
-0.177542
0.141667
0.0951463
-0.540062
-2.74692
-0.234492
-1.74046
-1.55213
-0.62063
-0.128065
0.223434
0.00853848
-0.0935717
-1.18933
-0.54319
