18.36
19.31
14.93
21.17
22.34
22.56
21.95
28.3
21.48
22.13
20.47
18.96
27.97
19.75
21.23
29.26
14.71
19.33
17.95
21.37
21.68
21.33
29.42
29.84
22.09
15.57
23.67
15.89
22.15
27.38
17.64
18.75
23.04
22.94
21.19
21.38
29.38
21.54
24.47
19.92
19.89
27.59
28.04
17.22
18.95
19.54
20.32
17.03
21.14
19.67
16.37
24.81
21.62
17.27
18.42
26.43
27.06
33.14
22.71
24.49
29.79
21.07
15.73
19.51
15.88
24.03
23.67
29.06
22.47
22.48
23.71
23.04
22.43
20.76
19.81
19.32
20.38
28.24
24.53
20.43
18.79
25.74
19.36
20.21
22.28
17.21
19.74
20.91
18.73
16.44
23.76
32.84
19.34
18.49
20.14
22.57
17.11
13.47
19.74
19.21
21.83
19.28
21.63
19.35
15.94
17.09
23.92
23.29
19.37
16.22
18.12
32.18
19.58
17.26
23.09
23.15
15.59
17.49
23.77
20.59
20.72
18.67
26.42
19.83
17.78
21.79
24.71
19.88
16.57
15.68
23.49
23.62
21.32
21.36
25.11
21.28
18.38
18.94
22.16
14.86
13.54
19.78
20.55
25.03
26.64
18.05
24.53
28.68
19.43
18.26
17.82
20.63
27.53
29.38
13.43
26.19
21.08
21.74
25.16
25.98
22.11
23.58
19.43
20.54
25.71
25.35
22.57
19.42
21.47
19.98
27.92
20.64
24.38
19.33
17.28
55.14
53.07
37.22
65.98
81.24
60.48
54.73
74.22
61.34
61.34
42.14
73.11
66.24
66.04
62.14
80.13
64.22
60.32
59.27
59.78
65.88
61.93
88.16
41.37
59.73
54.06
58.64
68.15
63.19
66.11
55.48
57.11
56.27
68.38
65.09
68.47
54.03
77.64
69.02
57.81
76.81
104.93
69.12
54.06
58.92
54.32
69.31
58.11
70.51
58.85
63.79
61.87
47.52
57.89
57.16
75.53
89.39
78.12
69.28
82.45
70.51
62.58
64.19
55.39
62.77
62.08
97.91
71.94
58.14
79.04
68.25
69.14
53.59
59.47
70.92
85.11
67.03
74.29
61.95
77.02
53.39
84.11
62.16
58.37
83.15
58.47
71.25
64.35
66.53
51.54
57.32
62.94
63.29
77.14
51.06
69.23
56.08
44.61
59.38
72.65
69.04
60.73
62.02
50.19
37.91
53.12
77.32
84.32
63.02
55.47
67.59
88.07
51.06
56.19
57.19
80.42
81.73
55.08
48.57
59.74
64.41
79.24
71.55
86.63
56.34
68.17
70.64
62.98
70.44
54.19
59.16
66.23
65.43
65.38
69.25
50.51
55.23
90.54
69.12
55.46
66.84
71.38
61.08
73.22
68.51
63.28
61.95
84.11
61.75
67.23
64.67
65.03
60.64
81.16
61.62
72.43
52.84
72.46
79.35
91.08
46.03
73.39
62.54
88.14
54.63
67.42
62.04
74.19
64.05
96.27
58.67
74.95
71.09
49.14
70.23
18.86
14.49
7.58
16.37
15.11
9.16
16.48
12.09
12.24
23.06
25.38
21.64
15.83
18.61
16.63
14.65
12.74
17.19
22.16
18.34
11.05
20.39
19.48
9.64
17.67
23.07
15.23
11.03
15.03
10.98
18.36
26.74
8.93
15.48
18.06
12.67
18.29
19.24
15.64
21.24
16.59
8.04
17.52
11.16
15.13
21.83
16.29
19.89
14.86
18.35
17.33
14.63
26.47
15.35
15.42
16.74
13.68
17.03
15.33
12.18
9.11
15.63
11.73
18.46
19.76
19.33
15.23
17.29
15.24
9.55
12.86
19.23
15.09
17.32
17.62
18.44
17.63
18.29
15.03
20.16
12.43
16.42
23.85
13.62
17.38
12.93
10.87
15.97
21.47
15.28
14.65
22.79
22.75
23.11
19.27
16.45
21.39
18.06
17.64
12.55
20.81
18.71
17.28
19.08
9.87
20.39
19.03
22.14
12.87
22.31
12.75
16.42
16.85
15.23
25.34
17.47
9.56
19.61
10.85
14.79
15.65
24.51
17.26
22.34
14.66
15.97
21.91
16.34
15.14
18.53
10.84
16.48
19.23
27.82
12.55
12.39
19.39
25.14
18.09
20.11
9.16
7.39
14.72
18.94
20.44
14.69
15.03
15.76
23.97
14.03
8.84
12.53
19.58
20.92
9.17
14.56
22.53
14.83
15.05
20.17
9.15
18.41
18.81
24.47
9.14
17.33
17.09
17.37
20.16
12.74
15.69
19.65
18.34
19.27
10.14
2.924
3.663
4.91
4.031
5.377
6.6
3.321
6.139
5.011
2.66
1.66
3.378
4.184
3.549
3.737
5.47
5.041
3.509
2.675
3.26
5.962
3.037
4.526
4.29
3.38
2.343
3.85
6.179
4.204
6.021
3.022
2.136
6.3
4.417
3.604
5.404
2.954
4.035
4.413
2.722
4.63
13.1
3.945
4.844
3.894
2.488
4.255
2.922
4.745
3.207
3.681
4.229
1.795
3.771
3.707
4.512
6.534
4.587
4.519
6.769
7.74
4.004
5.472
3.001
3.177
3.212
6.429
4.161
3.815
8.28
5.307
3.595
3.551
3.434
4.025
4.616
3.802
4.062
4.122
3.82
4.295
5.122
2.606
4.286
4.784
4.522
6.555
4.029
3.099
3.373
3.913
2.762
2.782
3.338
2.65
4.209
2.622
2.47
3.366
5.789
3.318
3.246
3.589
2.631
3.84
2.605
4.063
3.808
4.897
2.486
5.301
5.364
3.03
3.689
2.257
4.603
8.55
2.809
4.476
4.039
4.116
3.233
4.145
3.878
3.843
4.269
3.224
3.854
4.653
2.924
5.458
4.019
3.402
2.35
5.518
4.077
2.848
3.601
3.821
2.758
7.3
9.66
4.149
3.866
3.352
4.308
4.122
5.337
2.576
4.792
7.32
5.19
3.097
3.88
6.72
4.975
2.345
4.886
5.272
4.516
5.03
3.986
3.325
3.602
5.98
3.89
3.63
4.271
3.177
7.557
3.739
3.814
3.876
2.55
6.926
3.22
3.88
3.035
4.117
4.79
4.197
3.12
5.38
3.815
5.39
1.78
5.023
3.025
4.74
3.876
4.37
3.11
3.719
3.059
4.35
4.83
4.45
3.272
2.772
4.42
3.91
3.332
4.61
2.478
3.256
3.41
4.755
3.639
4.23
3.29
5.02
3.448
3.488
4.39
4.12
3.95
5.732
4.329
3.75
3.244
4.71
4.06
4.38
4.72
3.47
2.529
2.85
3.559
3.814
3.62
4.77
5.923
4.98
4.53
3.967
5.53
4.78
3.41
3.27
4.211
5.29
2.98
5.03
3.082
3.98
4.73
3.523
4.28
3.993
4.69
2.631
3.72
3.905
3.15
3.115
4.779
3.15
4.81
2.08
4.179
3.896
5.24
4.26
2.64
3.27
4.558
3.21
3.923
2.529
3.06
4.42
3.224
3.017
3.85
4.12
4.35
4.18
4.58
2.549
2.813
3.14
3.19
2.13
3.87
3.451
3.008
4.63
2.82
3.352
6.54
3.845
4.271
4.08
2.41
4.07
4.77
4.239
3.913
5.13
4.085
5.55
2.61
4.21
2.945
3.69
4.657
4.337
3.84
3.375
5.115
3.56
3.73
5.122
2.12
4.62
2.218
2.74
3.116
4.62
3.56
4.62
4.63
4.33
4.455
3.56
2.972
4.17
3.194
6.49
3.011
5.16
4.35
4.58
4.94
3.06
2.24
4.23
3.85
3.089
2.78
4.56
2.43
4.382
3.397
3.143
5.02
3.311
4.39
3.54
4.752
0.079
0.125
0.045
0.066
0.042
0.042
0.044
0.058
0.038
0.061
0.087
0.033
0.068
0.042
0.039
0.075
0.071
0.055
0.073
0.093
0.041
0.107
0.063
0.053
0.067
0.095
0.099
0.031
0.103
0.078
0.075
0.127
0.055
0.053
0.081
0.069
0.072
0.041
0.039
0.081
0.064
0.044
0.082
0.078
0.075
0.053
0.056
0.078
0.033
0.115
0.081
0.037
0.069
0.057
0.085
0.032
0.044
0.046
0.037
0.053
0.058
0.124
0.092
0.072
0.057
0.069
0.041
0.059
0.051
0.048
0.061
0.126
0.033
0.065
0.064
0.109
0.064
0.076
0.103
0.084
0.062
0.056
0.071
0.067
0.059
0.074
0.045
0.053
0.025
0.082
0.063
0.068
0.109
0.084
0.075
0.053
0.073
0.066
0.084
0.078
0.042
0.055
0.062
0.077
0.058
0.052
0.094
0.085
0.055
0.074
0.156
0.074
0.154
0.055
0.084
0.088
0.153
0.084
0.062
0.086
0.041
0.085
0.065
0.053
0.057
0.097
0.069
0.074
0.123
0.069
0.047
0.052
0.071
0.088
0.063
0.089
0.062
0.045
0.052
0.147
0.164
0.062
0.037
0.034
0.062
0.048
0.077
0.067
0.068
0.092
0.131
0.059
0.072
0.026
0.068
0.037
0.058
0.059
0.026
0.051
0.081
0.044
0.067
0.04
0.052
0.088
0.034
0.062
0.102
0.127
0.066
0.102
0.068
0.096
0.064
0.183
0.165
0.055
0.129
0.315
0.054
0.204
0.083
0.061
0.239
0.194
0.072
0.132
0.074
0.057
0.217
0.074
0.054
0.115
0.149
0.105
0.212
0.067
0.113
0.132
0.257
0.133
0.158
0.204
0.159
0.149
0.175
0.043
0.168
0.039
0.082
0.231
0.058
0.086
0.129
0.171
0.083
0.127
0.087
0.094
0.087
0.139
0.166
0.102
0.127
0.072
0.069
0.146
0.202
0.094
0.088
0.063
0.116
0.094
0.174
0.238
0.193
0.147
0.178
0.078
0.106
0.144
0.137
0.082
0.105
0.093
0.155
0.186
0.092
0.051
0.126
0.102
0.115
0.142
0.103
0.121
0.067
0.183
0.145
0.107
0.087
0.123
0.192
0.288
0.133
0.182
0.124
0.181
0.083
0.388
0.094
0.108
0.112
0.181
0.054
0.097
0.093
0.165
0.247
0.071
0.237
0.097
0.071
0.086
0.184
0.091
0.269
0.055
0.103
0.244
0.198
0.053
0.218
0.048
0.152
0.086
0.079
0.043
0.105
0.115
0.197
0.058
0.067
0.069
0.185
0.074
0.114
0.159
0.163
0.094
0.264
0.187
0.146
0.065
0.185
0.227
0.114
0.165
0.084
0.115
0.106
0.142
0.081
0.083
0.164
0.082
0.086
0.248
0.073
0.045
0.103
0.174
0.083
0.104
0.082
0.164
0.073
0.108
0.042
0.127
0.139
0.098
0.063
0.122
0.166
0.103
0.278
0.076
0.155
0.138
4.27
5.59
4.31
5.02
3.59
3.83
4.31
5.04
4.24
4.83
4.53
5.75
5.22
5.17
7.53
4.11
4.55
4.55
4.62
5.78
3.61
4.55
4.11
4.67
4.96
5.74
3.28
3.18
5.08
3.73
4.57
4.26
4.98
4.21
5.32
4.29
4.46
3.82
3.61
5.74
5.69
3.51
3.68
4.18
6.49
4.17
5.74
5.82
4.82
6.04
4.83
3.79
5.56
6.07
6.45
5.75
5.04
6.07
5.02
6.46
3.13
4.67
3.89
4.93
7.15
4.26
3.14
5.84
5.27
3.06
4.16
5.61
6.63
3.22
3.43
4.49
4.77
5.15
3.37
7.73
3.82
5.44
5.61
3.35
4.42
7.65
4.17
5.29
3.88
4.69
4.43
6.63
5.02
6.71
9.7
5.16
6.92
5.56
5.02
4.61
5.39
5.24
5.84
4.02
6.21
4.53
3.77
4.46
4.48
4.28
4.03
3.88
3.88
4.48
4.45
5.21
4.19
3.79
3.31
3.97
4.37
7.15
7.02
3.92
3.15
3.44
5.47
5.65
4.15
5.76
6.74
5.96
7.62
3.58
6.42
3.37
6.22
6.37
5.08
6.13
3.45
4.55
4.39
4.67
3.92
4.03
3.37
3.89
3.37
5.53
4.88
3.98
4.38
4.82
5.04
4.52
6.68
4.52
6.05
5.34
3.28
4.13
5.09
5.23
4.29
4.23
3.53
4.89
4.03
3.11
6.26
6.18
4.14
7.59
3.39
178.72
188.06
163.31
227.18
193.24
222.37
221.51
196.04
193.76
198.74
205.88
221.12
228.52
185.74
232.97
238.32
206.92
192.06
197.81
182.16
207.85
188.13
192.96
211.69
192.15
188.23
195.66
186.37
195.14
198.93
186.38
171.88
182.91
189.26
220.84
221.47
215.11
201.48
193.66
193.23
203.23
189.19
214.21
173.65
213.04
193.51
211.88
184.21
198.25
183.25
141.31
227.02
209.93
207.23
172.13
212.54
201.14
212.15
208.17
192.26
205.33
202.16
206.84
178.55
214.62
221.89
201.11
216.94
205.73
210.34
204.11
178.89
239.67
208.45
190.75
174.45
197.16
216.08
202.35
229.73
190.18
254.82
199.05
164.11
189.42
191.84
204.95
182.49
186.81
172.15
194.62
251.66
195.86
193.5
224.45
203.75
223.56
181.85
190.26
183.17
229.96
202.58
187.96
187.48
159.07
171.03
212.05
236.93
191.57
184.07
205.15
225.57
200.06
214.56
211.72
213.09
176.41
176.12
242.87
195.58
197.23
226.27
227.04
216.57
164.95
173.08
206.62
196.07
179.66
187.28
261.44
208.54
170.22
193.41
230.56
218.51
179.46
202.05
220.87
172.02
171.64
214.24
224.86
216.18
255.58
189.34
202.35
215.27
206.79
174.29
186.13
203.44
200.37
229.38
211.37
217.68
192.66
215.68
228.57
174.97
209.67
220.38
219.21
204.05
203.85
188.23
237.14
218.54
184.72
201.98
201.58
218.32
210.91
174.86
197.53
1.548
1.607
1.572
1.553
2.163
3.057
1.623
2.032
2.648
2.014
2.431
2.811
3.632
1.835
2.339
3.449
2.931
1.857
2.016
1.528
1.922
1.608
2.074
1.815
1.992
1.384
1.805
2.304
1.524
3.066
1.443
1.428
2.753
1.713
1.924
1.944
2.694
2.448
1.812
1.566
3.553
3.135
2.553
1.775
3.073
2.435
1.821
1.609
1.952
1.358
2.511
2.556
2.017
2.597
1.528
1.731
1.603
1.923
2.046
2.875
2.496
1.681
2.556
1.435
1.356
1.665
1.675
1.928
1.711
2.07
1.622
1.916
2.466
1.122
2.198
2.337
1.884
1.913
2.228
1.947
2.985
1.523
1.395
1.143
2.652
2.679
1.839
1.582
2.422
1.292
2.109
2.437
1.726
2.755
1.765
1.923
1.784
1.385
1.267
1.996
2.172
1.622
1.803
1.713
2.507
2.498
2.164
3.312
1.835
1.916
2.138
2.781
2.221
1.923
1.432
3.186
2.198
1.127
2.844
1.664
1.573
2.011
2.114
2.572
1.856
2.882
2.118
2.163
2.117
1.646
1.459
2.839
1.686
1.686
1.645
2.687
1.668
1.743
2.896
1.623
2.677
2.897
3.136
1.895
3.825
2.538
2.228
2.693
1.359
1.253
2.664
2.053
2.436
2.342
1.655
1.907
1.523
1.597
2.193
2.695
2.357
1.749
1.937
3.522
2.947
1.676
2.281
1.951
1.932
2.657
2.065
1.678
1.826
1.609
1.738
36.17
52.11
56.85
36.73
39.23
49.51
43.15
53.08
53.17
38.63
48.28
34.67
44.14
42.71
56.24
54.51
56.42
46.94
27.82
43.62
40.44
38.23
39.28
42.06
44.57
52.42
39.34
41.67
37.74
45.71
31.45
34.87
56.44
35.4
41.06
40.69
45.12
49.39
41.77
36.18
55.62
49.17
45.11
43.11
42.34
40.09
45.27
35.17
43.08
41.95
46.12
45.01
40.63
40.82
43.18
45.83
40.83
44.09
45.05
38.64
34.48
39.15
32.65
45.18
45.94
32.39
34.63
34.93
28.15
43.47
37.97
39.94
42.67
31.75
41.18
36.16
49.38
33.94
46.34
41.67
58.17
31.17
38.12
27.12
39.19
49.93
35.04
44.97
38.75
34.94
39.24
48.95
35.06
39.63
34.76
51.73
29.97
33.98
37.58
28.14
51.57
38.19
48.11
41.07
63.75
46.69
51.69
44.27
39.85
49.29
41.67
42.94
46.44
39.12
32.95
46.38
37.55
33.18
42.64
43.95
51.28
60.74
46.85
40.46
39.72
42.18
47.04
50.34
41.27
32.08
50.06
50.94
41.65
37.83
41.42
45.24
46.98
39.35
54.56
40.53
61.65
41.53
42.27
39.07
39.55
40.25
46.34
42.92
32.63
41.18
43.68
53.17
41.07
48.16
43.15
46.14
40.65
44.27
54.16
47.91
32.43
49.29
48.59
52.58
41.49
45.12
47.91
43.39
42.55
49.93
51.66
44.32
48.35
44.27
44.64
4.32
4.67
4.36
4.42
5.95
6.45
4.83
6.62
6.92
6.19
4.32
6.26
8.99
6.29
7.15
9.71
5.82
5.52
6.03
5.04
6.3
4.88
5.19
4.38
5.71
4.37
5.67
4.97
4.62
10.63
4.81
3.98
6.68
6.36
5.93
6.57
8.93
6.61
5.59
5.28
8.93
8.72
6.44
4.18
7.77
4.23
7.52
5.46
6.75
4.43
6.48
8.37
5.33
5.87
4.39
6.55
6.72
6.12
7.02
7.06
6.34
4.82
5.32
6.14
4.27
5.76
5.64
7.55
6.05
6.97
5.47
5.87
7.04
4.92
5.57
5.41
6.71
7.15
5.38
7.96
6.73
3.63
4.31
3.25
6.85
6.75
7.02
4.84
6.79
4.22
6.76
7.99
4.88
6.14
4.36
6.27
5.23
4.78
4.48
5.66
7.02
8.12
5.62
6.35
5.19
6.57
6.35
5.75
6.34
6.44
6.98
6.44
4.67
4.46
4.82
10.42
6.56
3.68
7.85
5.08
6.73
5.85
6.03
6.56
7.16
5.66
4.53
7.43
6.62
4.16
4.52
6.29
5.52
6.91
8.15
10.76
5.19
4.32
6.15
5.19
7.89
9.36
7.96
6.88
8.47
5.57
5.38
5.13
4.37
4.77
6.82
7.04
6.07
8.64
6.83
7.87
5.35
6.19
7.66
6.23
6.88
6.78
6.88
11.18
9.08
5.96
7.84
5.68
5.18
6.39
7.16
5.69
7.04
5.48
6.59
1.559
1.508
2.045
1.498
1.881
1.873
1.655
2.172
1.987
1.625
1.727
2.341
2.087
2.265
2.537
4.056
1.873
1.957
1.855
1.769
1.736
1.809
1.834
1.954
1.922
1.692
1.782
1.908
1.318
3.255
1.285
1.334
1.689
1.818
1.931
1.836
3.662
2.054
1.752
1.705
3.693
3.229
2.413
1.524
2.815
1.807
1.905
1.635
2.193
1.559
2.092
2.773
1.639
2.419
1.534
1.806
2.544
1.919
1.993
2.177
2.311
1.391
1.505
1.636
1.725
1.672
1.559
2.028
1.923
1.724
1.891
1.695
2.455
1.892
1.794
2.781
2.106
1.752
2.218
2.128
2.829
1.303
1.257
1.263
2.285
1.875
1.427
1.562
1.729
1.319
1.815
2.014
1.392
2.783
1.415
1.903
1.931
1.379
1.813
1.504
2.227
1.915
1.844
1.605
1.915
1.819
1.908
1.948
1.792
2.045
1.827
2.377
1.883
1.941
1.163
5.442
1.758
1.142
2.449
1.487
1.635
1.407
2.241
1.903
1.822
2.412
1.238
2.318
1.904
1.723
1.803
2.544
1.794
1.844
2.311
3.339
1.611
2.628
2.035
1.366
2.314
3.342
3.144
1.947
2.792
2.311
2.218
1.523
1.655
1.553
2.175
2.235
2.639
2.243
1.705
1.824
1.388
1.896
2.238
2.551
2.455
1.809
2.023
3.844
3.611
2.048
2.569
1.895
1.809
1.658
2.155
1.079
1.895
1.488
1.807
0.223
0.189
0.156
0.155
0.115
0.057
0.147
0.106
0.116
0.242
0.487
0.176
0.087
0.127
0.288
0.213
0.143
0.086
0.071
0.292
0.154
0.238
0.084
0.512
0.105
0.185
0.102
0.226
0.105
0.241
0.235
0.159
0.112
0.145
0.267
0.083
0.068
0.332
0.102
0.152
0.164
0.174
0.116
0.173
0.103
0.155
0.141
0.238
0.147
0.126
0.187
0.143
0.593
0.358
0.204
0.128
0.172
0.097
0.089
0.098
0.086
0.188
0.308
0.188
0.149
0.127
0.122
0.211
0.095
0.109
0.123
0.214
0.102
0.087
0.168
0.129
0.133
0.102
0.125
0.198
0.095
0.133
0.329
0.306
0.262
0.186
0.083
0.205
0.093
0.238
0.112
0.214
0.243
0.202
0.191
0.158
0.209
0.155
0.204
0.053
0.064
0.163
0.174
0.168
0.492
0.227
0.216
0.254
0.137
0.274
0.202
0.289
0.323
0.169
0.232
0.287
0.297
0.208
0.169
0.165
0.166
0.654
0.205
0.158
0.213
0.235
0.272
0.144
0.176
0.281
0.185
0.104
0.292
0.233
0.084
0.176
0.184
0.102
0.278
0.198
0.266
0.144
0.095
0.121
0.166
0.208
0.125
0.132
0.109
0.241
0.122
0.128
0.553
0.206
0.169
0.122
0.27
0.139
0.105
0.219
0.216
0.097
0.091
0.157
0.137
0.119
0.194
0.157
0.174
0.183
0.103
0.164
0.097
0.178
0.336
6.99
7.98
13.1
9.66
16.4
33
11.3
20.5
17.1
6.71
3.55
13.3
24
17.8
8.81
19
13.1
23
26
6.06
11.3
7.6
22
3.82
18.3
9.15
17.5
8.44
12.6
13.5
5.47
8.39
15.1
12.5
7.23
22
54
6.19
17.2
11.2
22.5
18.6
20.8
8.81
27.3
11.7
13.5
6.87
14.9
12.4
11.2
19.4
2.76
6.76
7.52
14.1
14.8
20
22
22
27
7.4
4.89
8.7
11.6
13.2
12.8
9.61
20
15.8
15.4
7.92
24.1
22
10.7
21.6
15.8
17.2
17.7
10.7
30
9.8
3.82
4.13
8.72
10.1
17
7.62
19
5.54
16.2
9.41
5.73
13.8
7.41
12
9.24
8.9
8.89
28
35
11.7
10.6
9.55
3.89
8.01
8.83
7.67
13.1
7.46
9.04
8.22
5.83
11.5
5.01
19
5.92
5.49
14.5
9.01
9.85
2.15
10.9
12
8.55
10.3
4.55
16.1
10.8
6.13
9.75
24.5
6.14
7.91
28
19
8.76
25.8
7.32
6.9
8.7
23.2
33
16.1
16.8
11.1
17.7
11.5
15.2
6.44
17.8
17.5
4.77
10.9
10.1
15
5.1
13.6
21.3
11.6
11.4
19
22
24.5
26.4
17.2
13.2
12.1
10.4
9.06
20.9
6.58
20
8.36
5.38
19.4
24.7
27.9
28.5
51.7
110
32.9
62.5
59.7
25.6
8.87
35.6
100
49.5
24.8
45.6
40.7
64
85
17.3
40.9
20.5
62
8.55
54.4
23.6
55.6
22
44
44.1
20.5
25
59.6
43.9
22.2
79
130
19.9
54.8
34.7
54.5
50.1
55.5
24.2
75.4
27.3
53.3
22.9
45.9
35.2
34.7
58.5
8.99
16.4
21.5
51.2
39.1
63
79
72
74
25.6
17.3
32.7
28.7
45.4
46.2
35.8
64
63.9
44.5
27.4
69
57
33.2
41.9
50.5
70.1
43
40.2
71
27.3
13.1
10.6
26.1
36.3
85
23.6
73
17.7
60.4
37.3
20.1
30.4
22.8
39.7
25
30.8
22
110
110
49.8
32.3
37.8
10.5
28.9
29.4
22.6
46.3
23.5
34.6
22.3
14.5
26.4
20.8
36.3
22.1
17.7
46.4
30.8
40.5
8.94
29.4
41.5
33.6
24.1
16.7
51.6
37.6
14.8
24.4
60.5
18.9
29.7
97
61.1
28.2
42.4
22.1
26.2
29.7
65
84
56.9
51
26.8
43
38.9
40.1
19.8
55.9
55
11
41.9
40.4
64.5
20
44.5
73
28.4
31.9
70
76
71.2
66.3
50.1
40.4
36.2
29.8
34.9
69.5
34.7
73
30.8
19.6
62.48
97.23
24.88
59.18
38.43
18.47
30.66
44.02
27.24
47.39
49.41
50.16
17.27
16.76
17.59
21.18
36.24
41.08
28.45
124.07
48.13
34.28
54.17
53.97
41.84
65.39
63.07
28.7
143.28
40.92
76.37
86.09
11.9
29.82
54.52
63.18
14.33
35.72
26.61
63.39
20.54
30.87
33.05
71.49
19.27
21.18
37.95
82.97
33.83
89.47
44.13
15
21.61
24.55
73.84
65.06
42.39
33.97
58.03
16.64
48.37
139.73
44.28
69.35
33.65
24.92
26.5
45.96
25.88
48.28
48.13
46.49
35.27
35.67
36.29
33.65
51.28
63.48
10.59
20.81
27.29
11.94
59.52
56.37
18.75
17.59
33.62
71.32
14.66
82.76
36.49
16.37
52.63
25.59
70.63
45.53
69.48
81.25
91.83
38.14
30.39
29.32
61.89
76.12
18.39
88.14
82.1
133.6
67.25
41.88
21.56
38.43
52.1
59.17
44.68
28.35
41.38
72.18
56.47
35.73
38.16
35.12
13.62
22.1
36.49
27.35
35.29
35.06
25.88
57.32
21.64
11.82
91.63
38.06
28.39
15.68
47.38
10.57
28.23
48.35
39.06
35.46
19.09
38.34
46.32
60
27.35
7.1
58.12
53.11
71.64
29.14
22.38
18.53
29.62
56.59
93.07
58.37
47.92
18.53
75
43.16
33.17
16.57
12.35
41.75
40.11
29.19
63.09
36.22
31.55
47.76
54.29
93.27
16.85
62.85
108.12
148.65
65.24
71.24
95.16
149.15
32.17
62.43
87.55
467.3
64.13
31.35
46.39
47.51
85.5
36.75
40.62
61.08
56.17
36.13
44.57
84.19
82.45
44.09
69.13
44.72
62.17
318.23
75.14
87.27
90.27
32.52
25.51
58.34
44.85
84.83
184.27
52.41
67.05
39.92
88.54
53.11
104.55
54.65
96
32.85
69.03
35.75
94.28
252.8
116.5
188.19
63.57
109.23
51.65
42.29
42.15
40.27
105.38
103.32
86.47
61.22
88.12
129.14
53.19
109.75
52.73
81.05
34.18
33.96
148.92
56.54
32.16
65.19
102.42
35.08
45.71
47.25
154.51
139.82
146.27
291.48
285.33
64.11
82.42
48.21
86.57
63.38
83.75
32.11
45.8
74.09
137.3
193.38
69.24
109.77
98.82
92.16
62.38
21.56
35.66
53.09
184.47
120.18
107.54
118.5
148.57
43.86
57.12
225.37
71.24
230.3
129.23
146.67
57.12
91.97
66.81
102
57.23
26.82
137.14
32.54
126.3
32.11
53.25
112.5
31.65
126.04
73.15
132.52
59.03
54.77
124.78
69.28
66.59
53.65
150.83
91.5
73.87
174.61
69.43
42.12
22.64
50.39
144.5
97.5
124.5
81.25
76.92
110.73
39.22
88.41
99
96.08
51.76
81.75
38.35
38.64
89
218.25
49.08
25.53
85.64
70.5
49.12
37.64
45.88
92.47
95.26
33.29
172.37
45.81
71.25
164.38
34.55
44.56
41.63
68.73
36.57
45.67
34.17
41.24
40.71
44.09
79.02
42.86
37.54
39.04
46.05
60.15
47.22
53.66
75.34
51.49
55.89
50.24
78.19
64.77
43.96
48.04
69.11
50.06
59.18
73.42
53.85
73.11
91.56
42.17
60.35
49.28
69.11
62.09
48.37
47.15
47.83
53.19
92.93
38.22
50.59
55.26
43.02
51.28
49.19
53.25
35.15
41.02
51.17
41.74
42.24
63.29
81.05
43.67
43.97
54.86
76.06
57.96
24.33
31.8
29.69
60.14
50.43
39.25
59.82
43.61
32.63
72.14
64.23
49.32
65.03
38.24
44.35
64.18
71.11
47.78
32.29
25.04
30.42
40.38
46.54
57.14
35.24
53.28
34.43
31.23
92.18
26.72
38.21
42.27
46.52
42.38
61.06
57.28
57.16
52.18
41.63
49.95
38.72
50.24
45.57
35.68
50.96
63.12
48.14
68.24
39.18
88.39
38.98
53.72
53.86
77.63
59.61
49.24
46.05
38.22
39.16
24.63
63.14
55.38
35.16
38.92
62.04
37.36
38.27
36.27
43.61
57.03
43.27
61.43
76.12
61.08
39.66
43.26
65.57
46.03
38.65
66.49
46.71
45.31
55.06
36.11
71.11
73.12
40.55
34.23
32.74
52.22
63.03
60.58
43.96
52.06
58.73
56.72
50.41
40.32
64.28
57.66
44.94
61.07
53.57
45.93
53.38
45.12
72.54
43.25
62.75
66.13
63.28
47.85
40.72
43.25
42.15
29.91
43.16
35.66
31.06
29.58
40.16
39.76
49.19
35.78
41.47
23.81
37.52
35.71
38.14
33.04
30.55
38.49
42.36
42.82
45.62
30.67
42.54
38.54
35.34
49.21
36.84
37.55
32.29
42.77
27.95
30.85
53.86
37.67
48.33
34.62
40.76
43.19
43.25
31.09
39.72
38.11
41.87
32.81
40.48
38.04
40.92
48.91
46.62
50.11
24.82
42.26
30.94
49.31
56.05
44.53
46.23
43.47
53.44
42.13
37.18
26.73
30.78
20.05
50.79
26.81
47.48
59.31
49.42
29.93
58.06
26.67
45.11
30.91
37.24
48.14
53.14
30.54
30.92
30.66
20.05
34.43
42.74
37.68
32.05
36.39
41.37
31.75
43.64
43.99
48.61
30.52
30.69
26.11
47.33
30.95
27.92
51.28
32.82
51.07
47.86
46.55
39.87
37.16
31.26
31.06
43.25
45.81
38.03
21.42
50.77
21.51
36.04
31.42
28.54
30.83
33.82
26.03
41.88
33.14
28.19
58.62
27.19
24.16
33.79
42.24
38.12
22.17
33.09
23.32
36.11
52.04
48.53
51.65
28.35
45.23
41.25
37.33
26.23
27.54
42.55
36.38
50.16
43.54
26.02
30.54
31.28
46.84
41.92
30.87
45.32
40.91
32.12
32.82
48.87
51.66
49.51
47.95
24.76
26.67
50.31
48.18
30.98
48.27
47.29
47.75
31.85
36.45
30.95
55.58
45.38
60.12
39.21
37.23
19.24
22.54
34.79
21.85
29.32
25.33
27.58
17.39
29.78
42.84
31.29
22.79
25.44
17.48
20.04
29.23
29.76
17.65
17.57
23.43
18.28
27.66
21.91
27.61
20.19
29.07
10.32
39.84
42.13
27.9
21.09
25.72
28.37
15.52
25.08
12.04
30.74
31.64
16.38
19.07
28.01
35.94
19.06
18.52
21.45
25.28
16.35
20.37
17.23
25.14
41.56
31.03
30.24
28.45
24.72
20.59
36.03
21.73
16.88
17.49
32.06
26.55
43.81
20.53
21.17
26.38
19.78
16.81
31.03
14.03
17.24
33.11
30.72
23.88
15.06
31.87
18.22
34.13
26.85
38.42
26.23
32.81
32.73
32.48
29.38
33.61
18.04
21.62
33.61
18.03
53.59
30.44
27.84
38.09
46.35
16.06
25.39
25.85
22.42
18.06
20.17
16.87
19.47
47.91
30.11
36.64
31.38
46.28
13.24
27.88
24.84
20.22
42.02
33.27
54.11
22.15
29.18
24.19
26.37
16.27
17.92
30.27
21.45
28.17
37.93
18.67
41.16
19.33
37.36
21.88
26.71
31.19
21.58
29.35
34.28
23.97
18.25
21.98
33.72
20.35
33.75
31.95
20.37
19.59
19.58
26.56
33.95
28.06
36.63
17.55
26.52
19.88
25.92
25.43
30.82
15.71
25.77
15.43
15.83
22.1
43.65
17.76
18.47
15.09
21.35
18.94
16.04
20.16
25.63
30.59
18.05
29.11
16.34
25.96
21.97
18.05
21.28
23.71
28.14
29.67
22.47
22.03
21.35
31.26
12.98
28.29
24.31
21.67
19.32
20.67
23.82
29.63
20.44
23.07
18.72
20.18
23.35
25.67
25.73
22.62
18.37
17.22
18.23
23.59
18.75
19.63
27.85
27.81
16.26
25.11
16.73
16.25
25.09
16.58
16.92
21.13
16.59
24.77
17.33
23.32
22.43
17.29
18.49
20.56
20.28
16.22
23.42
18.32
20.52
22.88
19.88
24.27
24.54
27.38
17.88
16.87
20.51
20.32
18.29
29.93
17.04
22.93
19.72
18.93
15.54
19.53
26.82
27.42
19.33
23.19
25.61
21.84
20.41
26.74
34.26
23.11
15.86
13.65
18.81
25.85
21.95
21.06
19.03
23.28
19.61
31.25
21.16
20.39
21.31
11.42
19.23
22.64
22.15
22.93
12.93
25.83
18.65
18.38
33.08
18.05
23.67
17.91
20.16
23.35
15.06
16.25
12.26
19.14
30.12
17.63
23.39
14.72
20.69
17.08
14.71
21.66
26.65
19.53
26.77
30.19
24.38
17.88
20.51
17.48
17.35
34.28
23.62
19.23
24.09
22.82
19.42
16.74
25.66
25.22
18.23
18.75
18.59
15.38
18.39
22.76
21.72
31.58
30.92
19.61
18.03
16.83
21.97
29.51
28.91
23.59
24.08
23.72
18.77
18.39
19.18
23.64
20.23
22.82
26.53
29.35
29.51
21.25
24.83
19.98
18.65
19.07
20.52
18.33
18.61
26.28
1.066
1.059
1.467
0.7765
0.9882
1.127
1.252
0.8145
0.9527
3.3
1.106
0.9375
1.174
0.9048
0.9695
1.227
1.004
0.8635
0.7616
1.252
0.9058
1.185
0.8535
1.073
0.8926
1.582
0.5993
2.185
1.786
1.488
1.074
0.9235
1.02
0.9545
0.9988
0.7197
1.892
1.261
0.9879
1.127
1.326
2.166
0.7695
1.069
0.9198
1.127
0.9456
1.102
0.838
1.24
2.562
1.325
1.651
1.386
1.08
1.036
1.485
0.8855
0.6165
0.9782
1.9
1.294
2.156
1.122
0.7073
1.548
0.8626
0.8524
1.639
0.9028
0.8827
1.235
1.12
1.235
0.6494
1.244
0.8342
1.672
1.004
1.121
1.135
2.069
2.398
1.727
1.137
1.531
0.8566
1.136
1.444
0.9194
1.715
1.439
1.365
1.787
4.059
0.8352
1.121
1.167
0.9778
1.397
0.7809
0.9046
1.059
1.448
1.668
1.548
1.752
2.296
0.567
1.851
1.529
1.649
2.195
1.105
3.069
0.947
1.982
1.169
1.544
1.106
0.8273
1.136
1.098
1.052
1.256
0.7658
2.302
0.9425
2.137
1.261
0.7792
1.32
1.122
1.218
1.502
1.234
1.09
0.8566
1.337
1.116
1.8
1.719
1.324
1.065
0.8603
1.223
1.075
0.9075
1.868
0.9734
1.576
0.9049
0.8783
0.8796
1.306
0.6524
1.086
0.8221
0.8608
1.15
1.846
0.8779
0.8094
0.5688
0.7274
0.6418
0.7548
0.8119
1.283
1.64
0.9465
1.419
0.8914
1.395
0.836
0.222
0.2
0.132
0.171
0.109
0.057
0.151
0.0889
0.105
0.229
0.361
0.131
0.077
0.101
0.185
0.095
0.132
0.081
0.071
0.248
0.151
0.208
0.084
0.344
0.0985
0.179
0.103
0.192
0.137
0.129
0.268
0.192
0.117
0.138
0.217
0.083
0.036
0.244
0.104
0.151
0.0816
0.0973
0.0877
0.185
0.0682
0.146
0.129
0.225
0.118
0.139
0.152
0.0935
0.42
0.228
0.21
0.124
0.119
0.092
0.082
0.083
0.069
0.213
0.29
0.187
0.147
0.132
0.135
0.172
0.09
0.112
0.115
0.202
0.0767
0.084
0.158
0.0849
0.112
0.104
0.101
0.157
0.063
0.17
0.344
0.326
0.187
0.166
0.1
0.208
0.097
0.265
0.11
0.175
0.259
0.127
0.213
0.142
0.178
0.184
0.184
0.066
0.054
0.145
0.159
0.173
0.339
0.2
0.185
0.207
0.133
0.211
0.181
0.196
0.255
0.148
0.285
0.0954
0.253
0.267
0.121
0.182
0.169
0.482
0.155
0.142
0.19
0.163
0.305
0.111
0.156
0.246
0.17
0.0756
0.246
0.202
0.068
0.0954
0.186
0.072
0.215
0.225
0.187
0.0793
0.057
0.111
0.106
0.153
0.101
0.148
0.116
0.237
0.101
0.103
0.295
0.155
0.165
0.118
0.28
0.128
0.0858
0.147
0.15
0.097
0.083
0.0755
0.0705
0.104
0.131
0.142
0.161
0.181
0.0873
0.233
0.093
0.193
0.271
1
1
1
1
1
1
1
1
1
1
1
1
1
1
1
1
1
1
1
1
1
1
1
1
1
1
1
1
1
1
1
1
1
1
1
1
1
1
1
1
1
1
1
1
1
1
1
1
1
1
1
1
1
1
1
1
1
1
1
1
1
1
1
1
1
1
1
1
1
1
1
1
1
1
1
1
1
1
1
1
1
1
1
1
1
1
1
1
1
1
1
1
1
1
1
1
1
1
1
1
1
1
1
1
1
1
1
1
1
1
1
1
1
1
1
1
1
1
1
1
1
1
1
1
1
1
1
1
1
1
1
1
1
1
1
1
1
1
1
1
1
1
1
1
1
1
1
1
1
1
1
1
1
1
1
1
1
1
1
1
1
1
1
1
1
1
1
1
1
1
1
1
1
1
1
