-0.62063
0.311527
-1.15789
-1.20723
-0.177542
-0.968487
-0.515591
-0.669414
-0.945243
0.285237
0.262053
-1.55213
-1.27328
0.00804708
-0.175154
-0.79789
0.225413
-0.232205
-0.151848
-0.54319
0.383882
-1.24935
-1.33359
-0.0865045
-1.18933
-0.234492
-0.541462
0.00853848
-0.0572436
-0.0640019
-1.33509
-0.672275
-0.509691
0.6034
-1.74046
-0.495152
-0.272087
-0.293366
0.0858507
-0.817561
1.51824
1.27658
2.16123
2.69744
-0.0875264
1.17948
0.141667
-0.413172
-0.519534
-0.379017
0.0951463
0.95623
1.30625
-0.285046
-0.438803
2.17497
-0.898494
-0.638369
0.984883
-0.0935717
0.0876063
0.509468
0.560609
2.31665
0.0915473
-0.247642
0.634175
1.48898
-1.3281
2.02492
-1.01121
-0.0802864
-0.797971
-0.433246
1.25595
0.522972
-0.325205
0.525036
0.0925634
0.00588746
0.223434
-0.98865
3.39752
-1.15231
1.852
0.227502
-1.17605
-0.547379
-0.443413
-0.540062
-0.424182
3.33737
-0.691654
