-1.02764
-1.01752
-0.984505
-1.04281
-0.987478
-1.0083
-1.00123
-1.02906
-0.999606
-0.96466
-1.01316
-0.995275
-1.02256
-0.983331
-0.994305
-1.04662
-1.00693
-1.00577
-1.00051
-0.984859
-1.02039
-1.00256
-1.00567
-0.983712
-0.997672
-0.998815
-0.978509
-1.01178
-1.00735
-1.02861
-0.974344
-1.03266
-1.02476
-1.00507
-0.984675
-0.971044
-1.0134
-1.02007
-1.0424
-0.988523
-0.993229
-0.980803
-1.01458
-0.977699
-0.975691
-0.980245
-0.948124
-1.00774
-0.962087
-0.985694
-0.997626
-1.01174
-1.01941
-1.01333
-1.01356
-0.984672
-1.02792
-1.01843
-1.00588
-1.01853
-1.00846
-0.970282
-1.01513
-0.97794
-0.986122
-1.0118
-0.988798
-0.966618
-1.0158
-0.99049
-0.994687
-0.994208
-0.984849
-0.987203
-0.981193
-1.00442
-1.03367
-0.991583
-1.01875
-0.972466
-1.03576
-0.985065
-0.957467
-1.02489
-0.990168
-1.02388
-0.992395
-0.972675
-0.997962
-1.00049
-1.00857
-1.03019
-0.957305
-0.985525
-0.981854
-0.994582
-1.03734
-0.998157
-1.00611
-1.01279
-0.983782
-0.984477
-0.997034
-0.939929
-0.990108
-0.980657
-0.990201
-1.00598
-1.04465
-1.03234
-1.0118
-1.03627
-0.96898
-1.03229
-1.02659
-1.00184
-0.965914
-1.00118
-1.03678
-0.992926
-0.982052
-1.05294
-1.02377
-1.00515
-0.99255
-1.0259
-1.03171
-0.995495
-0.967349
-1.02675
-0.999684
-0.961521
-1.00007
-0.988941
-1.019
-1.02012
-0.961055
-0.966839
-1.01112
-0.934764
-0.987578
-1.02036
-0.988388
-1.00101
-0.948688
-1.05387
-0.98688
-1.0049
-1.00708
-0.986787
-1.04071
-0.98613
-0.993797
-1.0043
-1.01252
-1.01824
-1.00188
-1.02419
-0.985182
-0.952551
-0.967058
-0.956227
-0.95905
-1.02378
-0.977509
-0.994546
-0.998038
-0.992007
-0.988791
-1.00868
-0.989267
-0.985623
-1.01717
-1.03075
-1.00312
-0.983269
-0.990399
-1.00161
-0.997085
-1.03325
-0.887965
-0.98498
-0.98907
-0.966337
-1.02469
-0.969752
-1.00136
-0.98986
-0.986157
-0.960816
-1.03294
-1.00937
-1.01319
-1.00477
-0.975932
-0.999841
-1.04851
-1.02146
-0.98637
-1.00617
-0.977027
-0.967336
-0.967385
-1.03748
-0.979424
-1.00175
-0.963105
-1.00054
-1.03253
-1.00131
-0.971617
-0.988121
-0.98015
-1.01955
-1.01237
-1.00998
-0.973012
-0.98203
-0.991753
-0.998773
-1.01701
-0.996006
-0.995541
-1.01505
-0.996736
-0.987386
-0.967042
-1.00333
-0.98967
-0.993092
-1.00437
-0.998225
-1.00103
-1.00328
-0.981962
-1.01256
-1.02666
-1.00202
-1.008
-1.01524
-0.995223
-1.00754
-1.04194
-0.990109
-1.01341
-1.00141
-1.0104
-0.958223
-0.987005
-0.974978
-0.985366
-0.988337
-1.00139
-0.982333
-0.979312
-0.983903
-0.95951
-0.990049
-0.989221
-1.02225
-1.01684
-1.0298
-0.973215
-1.01423
-1.00566
-1.03369
-0.96099
-1.00258
-1.01356
-0.95679
-1.0193
-0.972978
-0.98048
-0.979739
-1.02189
-0.971403
-1.00782
-1.0033
-1.00881
-1.01491
-1.03346
-1.02345
-0.993905
-0.989838
-0.973129
-1.02522
-0.995788
-0.995228
-0.985293
-0.99109
-0.952493
-1.00528
-1.02512
-0.989272
-1.00192
-1.01639
-0.965857
-1.00147
-1.01423
-1.01761
-1.01098
-0.987838
-1.10097
-0.994723
-0.986517
-1.00391
-1.0119
-1.01639
-0.980849
-0.985964
-1.02246
-1.01046
-0.990461
-0.99645
-1.0263
-0.995789
-1.00908
-0.990769
-1.01546
-0.988057
-0.987346
-0.990038
-1.02038
-1.01656
-1.01011
-0.999275
-1.0063
-1.02185
-1.02198
-1.04416
-0.974823
-1.00958
-0.996973
-1.00359
-1.02121
-1.0189
-1.05228
-1.02947
-0.964549
-0.978371
-1.0252
-1.01136
-1.01548
-0.996837
-1.01779
-1.00772
-1.00023
-1.00252
-1.00842
-1.00169
-0.979801
-1.02304
-0.925435
-1.04471
-0.979318
-0.984762
-0.983072
-1.01872
-0.947366
-0.995092
-0.978767
-1.01528
-1.02004
-1.01417
-1.00327
-1.00299
-0.992182
-0.987406
-1.0053
-0.963245
-0.989291
-1.00931
-0.987849
-1.00138
-1.00485
-1.01063
-1.03757
-1.03603
-0.998622
-1.00701
-0.986249
-0.996998
-0.979713
-0.957892
-0.960958
-0.988005
-0.981618
-1.00058
-1.0015
-1.00637
-0.981844
-0.977765
-1.00832
-0.996601
-0.986521
-1.02527
-0.974677
-0.956535
-0.985576
-0.993007
-0.966366
-0.958094
-1.00116
-0.99778
-0.998538
-1.01343
-1.02374
-0.986577
-1.02093
-0.972786
-0.984962
-0.974358
-0.984614
-0.99566
-1.03175
-1.03504
-0.986601
-1.02699
-1.01101
-0.994424
-1.00227
-1.05209
-0.956594
-0.978534
-1.01958
-1.00363
-0.997686
-0.986815
-1.00186
-0.997613
-0.97732
-1.02422
-0.993197
-1.03323
-1.01389
-1.0105
-1.02993
-1.02547
-0.99553
-0.996514
-0.980591
-0.995971
-1.00424
-0.961618
-0.988301
-1.03491
-0.996314
-1.00928
-1.00561
-0.994019
-0.979555
-1.02138
-1.00846
-0.993721
-0.995906
-1.00196
-1.01112
-1.00444
-0.995946
-0.961782
-1.05233
-0.975028
-1.02518
-0.976515
-0.986961
-0.991834
-0.987734
-0.984685
-1.00953
-0.998141
-0.971511
-0.970668
-0.981579
-1.03754
-0.990947
-0.98252
-0.998799
-1.00702
-1.00422
-0.9899
-1.0139
-0.993141
-0.998387
-1.0164
-1.00906
-1.0175
-0.982209
-0.99998
-0.98035
-1.00767
-1.0096
-0.998948
-1.02655
-1.00712
-1.03674
-0.999091
-0.99181
-0.993374
-1.05937
-1.00239
-1.02323
-1.01601
-1.01969
-0.99204
-1.01034
-1.02773
-1.02916
-1.05816
-1.02404
-1.02627
-0.988186
-1.00938
-1.02988
-0.979431
-1.0211
-0.996573
-1.00625
-1.02766
-0.996773
-1.00799
-1.01926
-0.988983
-1.02497
-1.05317
-0.9816
-0.973391
-1.0008
-0.977175
-1.02505
-1.01223
-1.00315
-1.00171
-1.01984
-0.984865
-0.978673
-0.989006
-0.986134
-1.01574
-0.976036
-0.996627
-1.00633
-1.01513
-1.0077
-1.00429
-1.05104
-1.01608
-0.986802
-0.985459
-0.951054
-1.0049
-0.999315
-1.00404
-1.0224
-0.980489
-1.01015
-0.951538
-0.988258
-0.953792
-0.985371
-0.981923
-0.981181
-0.965839
-0.992672
-1.00912
-1.00132
-1.01786
-1.01014
-0.99605
-0.871086
